<?xml version="1.0" ?>
<System_definition>
	<unit_cell units="bohrradius">7.15639e+00	0.00000e+00	0.00000e+00	
-3.57820e+00	6.19762e+00	0.00000e+00	
0.00000e+00	0.00000e+00	1.15198e+01</unit_cell>
	<atom mass="5.19961e+01" massunits="atomicmassunit" damping_factor="1.00000" gyroratio="1.00000e+00" index_spin="1">
		<position units="bohrradius">0.00000e+00	0.00000e+00	5.75989e+00</position>
		<spinat>2.53804e-04	5.04663e-06	3.36670e+00</spinat>
	</atom>
	<atom mass="1.27600e+02" massunits="atomicmassunit" damping_factor="1.00000" gyroratio="1.00000e+00" index_spin="0">
		<position units="bohrradius">2.53989e-14	4.13175e+00	2.76366e+00</position>
		<spinat>-2.39192e-04	-1.07916e-04	-3.25757e-01</spinat>
	</atom>
	<atom mass="1.27600e+02" massunits="atomicmassunit" damping_factor="1.00000" gyroratio="1.00000e+00" index_spin="0">
		<position units="bohrradius">3.57820e+00	2.06587e+00	8.75611e+00</position>
		<spinat>-3.17914e-04	-5.77680e-05	-3.25723e-01</spinat>
	</atom>
	<spin_exchange_list units="eV">
		<nterms>98</nterms>
		<spin_exchange_term>
			<ijR>1 1 -3 -3 0</ijR>
			<data>-1.29463e-04 	 -1.29463e-04 	 -1.29463e-04</data>
		</spin_exchange_term>
		<spin_exchange_term>
			<ijR>1 1 -3 -2 -1</ijR>
			<data>1.84229e-06 	 1.84229e-06 	 1.84229e-06</data>
		</spin_exchange_term>
		<spin_exchange_term>
			<ijR>1 1 -3 -2 0</ijR>
			<data>-2.17077e-04 	 -2.17077e-04 	 -2.17077e-04</data>
		</spin_exchange_term>
		<spin_exchange_term>
			<ijR>1 1 -3 -2 1</ijR>
			<data>6.15162e-05 	 6.15162e-05 	 6.15162e-05</data>
		</spin_exchange_term>
		<spin_exchange_term>
			<ijR>1 1 -3 -1 -1</ijR>
			<data>7.06202e-05 	 7.06202e-05 	 7.06202e-05</data>
		</spin_exchange_term>
		<spin_exchange_term>
			<ijR>1 1 -3 -1 0</ijR>
			<data>-2.11115e-04 	 -2.11115e-04 	 -2.11115e-04</data>
		</spin_exchange_term>
		<spin_exchange_term>
			<ijR>1 1 -3 -1 1</ijR>
			<data>3.76479e-05 	 3.76479e-05 	 3.76479e-05</data>
		</spin_exchange_term>
		<spin_exchange_term>
			<ijR>1 1 -3 0 0</ijR>
			<data>-1.80770e-04 	 -1.80770e-04 	 -1.80770e-04</data>
		</spin_exchange_term>
		<spin_exchange_term>
			<ijR>1 1 -2 -3 -1</ijR>
			<data>5.44795e-05 	 5.44795e-05 	 5.44795e-05</data>
		</spin_exchange_term>
		<spin_exchange_term>
			<ijR>1 1 -2 -3 0</ijR>
			<data>-2.21096e-04 	 -2.21096e-04 	 -2.21096e-04</data>
		</spin_exchange_term>
		<spin_exchange_term>
			<ijR>1 1 -2 -3 1</ijR>
			<data>-8.80448e-06 	 -8.80448e-06 	 -8.80448e-06</data>
		</spin_exchange_term>
		<spin_exchange_term>
			<ijR>1 1 -2 -2 -1</ijR>
			<data>-7.05370e-05 	 -7.05370e-05 	 -7.05370e-05</data>
		</spin_exchange_term>
		<spin_exchange_term>
			<ijR>1 1 -2 -2 0</ijR>
			<data>5.75682e-05 	 5.75682e-05 	 5.75682e-05</data>
		</spin_exchange_term>
		<spin_exchange_term>
			<ijR>1 1 -2 -2 1</ijR>
			<data>-8.70566e-05 	 -8.70566e-05 	 -8.70566e-05</data>
		</spin_exchange_term>
		<spin_exchange_term>
			<ijR>1 1 -2 -1 -1</ijR>
			<data>-2.12447e-03 	 -2.12447e-03 	 -2.12447e-03</data>
		</spin_exchange_term>
		<spin_exchange_term>
			<ijR>1 1 -2 -1 0</ijR>
			<data>1.97040e-03 	 1.97040e-03 	 1.97040e-03</data>
		</spin_exchange_term>
		<spin_exchange_term>
			<ijR>1 1 -2 -1 1</ijR>
			<data>-1.13862e-03 	 -1.13862e-03 	 -1.13862e-03</data>
		</spin_exchange_term>
		<spin_exchange_term>
			<ijR>1 1 -2 0 -1</ijR>
			<data>-1.49295e-04 	 -1.49295e-04 	 -1.49295e-04</data>
		</spin_exchange_term>
		<spin_exchange_term>
			<ijR>1 1 -2 0 0</ijR>
			<data>1.01312e-04 	 1.01312e-04 	 1.01312e-04</data>
		</spin_exchange_term>
		<spin_exchange_term>
			<ijR>1 1 -2 0 1</ijR>
			<data>-3.24373e-05 	 -3.24373e-05 	 -3.24373e-05</data>
		</spin_exchange_term>
		<spin_exchange_term>
			<ijR>1 1 -2 1 -1</ijR>
			<data>5.90634e-05 	 5.90634e-05 	 5.90634e-05</data>
		</spin_exchange_term>
		<spin_exchange_term>
			<ijR>1 1 -2 1 0</ijR>
			<data>-1.73070e-04 	 -1.73070e-04 	 -1.73070e-04</data>
		</spin_exchange_term>
		<spin_exchange_term>
			<ijR>1 1 -2 1 1</ijR>
			<data>7.55535e-05 	 7.55535e-05 	 7.55535e-05</data>
		</spin_exchange_term>
		<spin_exchange_term>
			<ijR>1 1 -1 -3 -1</ijR>
			<data>4.66377e-05 	 4.66377e-05 	 4.66377e-05</data>
		</spin_exchange_term>
		<spin_exchange_term>
			<ijR>1 1 -1 -3 0</ijR>
			<data>-2.16514e-04 	 -2.16514e-04 	 -2.16514e-04</data>
		</spin_exchange_term>
		<spin_exchange_term>
			<ijR>1 1 -1 -3 1</ijR>
			<data>5.49111e-05 	 5.49111e-05 	 5.49111e-05</data>
		</spin_exchange_term>
		<spin_exchange_term>
			<ijR>1 1 -1 -2 -1</ijR>
			<data>-1.04754e-03 	 -1.04754e-03 	 -1.04754e-03</data>
		</spin_exchange_term>
		<spin_exchange_term>
			<ijR>1 1 -1 -2 0</ijR>
			<data>1.96692e-03 	 1.96692e-03 	 1.96692e-03</data>
		</spin_exchange_term>
		<spin_exchange_term>
			<ijR>1 1 -1 -2 1</ijR>
			<data>-2.01676e-03 	 -2.01676e-03 	 -2.01676e-03</data>
		</spin_exchange_term>
		<spin_exchange_term>
			<ijR>1 1 -1 -1 -1</ijR>
			<data>4.02137e-04 	 4.02137e-04 	 4.02137e-04</data>
		</spin_exchange_term>
		<spin_exchange_term>
			<ijR>1 1 -1 -1 0</ijR>
			<data>4.50195e-03 	 4.50195e-03 	 4.50195e-03</data>
		</spin_exchange_term>
		<spin_exchange_term>
			<ijR>1 1 -1 -1 1</ijR>
			<data>4.00080e-04 	 4.00080e-04 	 4.00080e-04</data>
		</spin_exchange_term>
		<spin_exchange_term>
			<ijR>1 1 -1 0 -1</ijR>
			<data>4.10933e-04 	 4.10933e-04 	 4.10933e-04</data>
		</spin_exchange_term>
		<spin_exchange_term>
			<ijR>1 1 -1 0 0</ijR>
			<data>4.42349e-03 	 4.42349e-03 	 4.42349e-03</data>
		</spin_exchange_term>
		<spin_exchange_term>
			<ijR>1 1 -1 0 1</ijR>
			<data>3.75706e-04 	 3.75706e-04 	 3.75706e-04</data>
		</spin_exchange_term>
		<spin_exchange_term>
			<ijR>1 1 -1 1 -1</ijR>
			<data>-1.20125e-03 	 -1.20125e-03 	 -1.20125e-03</data>
		</spin_exchange_term>
		<spin_exchange_term>
			<ijR>1 1 -1 1 0</ijR>
			<data>1.95289e-03 	 1.95289e-03 	 1.95289e-03</data>
		</spin_exchange_term>
		<spin_exchange_term>
			<ijR>1 1 -1 1 1</ijR>
			<data>-2.01886e-03 	 -2.01886e-03 	 -2.01886e-03</data>
		</spin_exchange_term>
		<spin_exchange_term>
			<ijR>1 1 -1 2 -1</ijR>
			<data>7.21476e-05 	 7.21476e-05 	 7.21476e-05</data>
		</spin_exchange_term>
		<spin_exchange_term>
			<ijR>1 1 -1 2 0</ijR>
			<data>-1.57656e-04 	 -1.57656e-04 	 -1.57656e-04</data>
		</spin_exchange_term>
		<spin_exchange_term>
			<ijR>1 1 -1 2 1</ijR>
			<data>8.76311e-05 	 8.76311e-05 	 8.76311e-05</data>
		</spin_exchange_term>
		<spin_exchange_term>
			<ijR>1 1 0 -3 0</ijR>
			<data>-1.92596e-04 	 -1.92596e-04 	 -1.92596e-04</data>
		</spin_exchange_term>
		<spin_exchange_term>
			<ijR>1 1 0 -2 -1</ijR>
			<data>-8.31683e-05 	 -8.31683e-05 	 -8.31683e-05</data>
		</spin_exchange_term>
		<spin_exchange_term>
			<ijR>1 1 0 -2 0</ijR>
			<data>1.01871e-04 	 1.01871e-04 	 1.01871e-04</data>
		</spin_exchange_term>
		<spin_exchange_term>
			<ijR>1 1 0 -2 1</ijR>
			<data>-1.34580e-04 	 -1.34580e-04 	 -1.34580e-04</data>
		</spin_exchange_term>
		<spin_exchange_term>
			<ijR>1 1 0 -1 -1</ijR>
			<data>3.42933e-04 	 3.42933e-04 	 3.42933e-04</data>
		</spin_exchange_term>
		<spin_exchange_term>
			<ijR>1 1 0 -1 0</ijR>
			<data>4.39417e-03 	 4.39417e-03 	 4.39417e-03</data>
		</spin_exchange_term>
		<spin_exchange_term>
			<ijR>1 1 0 -1 1</ijR>
			<data>4.05752e-04 	 4.05752e-04 	 4.05752e-04</data>
		</spin_exchange_term>
		<spin_exchange_term>
			<ijR>1 1 0 0 -1</ijR>
			<data>2.11638e-03 	 2.11638e-03 	 2.11638e-03</data>
		</spin_exchange_term>
		<spin_exchange_term>
			<ijR>1 1 0 0 1</ijR>
			<data>2.11638e-03 	 2.11638e-03 	 2.11638e-03</data>
		</spin_exchange_term>
		<spin_exchange_term>
			<ijR>1 1 0 1 -1</ijR>
			<data>4.05752e-04 	 4.05752e-04 	 4.05752e-04</data>
		</spin_exchange_term>
		<spin_exchange_term>
			<ijR>1 1 0 1 0</ijR>
			<data>4.39417e-03 	 4.39417e-03 	 4.39417e-03</data>
		</spin_exchange_term>
		<spin_exchange_term>
			<ijR>1 1 0 1 1</ijR>
			<data>3.42933e-04 	 3.42933e-04 	 3.42933e-04</data>
		</spin_exchange_term>
		<spin_exchange_term>
			<ijR>1 1 0 2 -1</ijR>
			<data>-1.34580e-04 	 -1.34580e-04 	 -1.34580e-04</data>
		</spin_exchange_term>
		<spin_exchange_term>
			<ijR>1 1 0 2 0</ijR>
			<data>1.01871e-04 	 1.01871e-04 	 1.01871e-04</data>
		</spin_exchange_term>
		<spin_exchange_term>
			<ijR>1 1 0 2 1</ijR>
			<data>-8.31683e-05 	 -8.31683e-05 	 -8.31683e-05</data>
		</spin_exchange_term>
		<spin_exchange_term>
			<ijR>1 1 0 3 0</ijR>
			<data>-1.92596e-04 	 -1.92596e-04 	 -1.92596e-04</data>
		</spin_exchange_term>
		<spin_exchange_term>
			<ijR>1 1 1 -2 -1</ijR>
			<data>8.76311e-05 	 8.76311e-05 	 8.76311e-05</data>
		</spin_exchange_term>
		<spin_exchange_term>
			<ijR>1 1 1 -2 0</ijR>
			<data>-1.57656e-04 	 -1.57656e-04 	 -1.57656e-04</data>
		</spin_exchange_term>
		<spin_exchange_term>
			<ijR>1 1 1 -2 1</ijR>
			<data>7.21476e-05 	 7.21476e-05 	 7.21476e-05</data>
		</spin_exchange_term>
		<spin_exchange_term>
			<ijR>1 1 1 -1 -1</ijR>
			<data>-2.01886e-03 	 -2.01886e-03 	 -2.01886e-03</data>
		</spin_exchange_term>
		<spin_exchange_term>
			<ijR>1 1 1 -1 0</ijR>
			<data>1.95289e-03 	 1.95289e-03 	 1.95289e-03</data>
		</spin_exchange_term>
		<spin_exchange_term>
			<ijR>1 1 1 -1 1</ijR>
			<data>-1.20125e-03 	 -1.20125e-03 	 -1.20125e-03</data>
		</spin_exchange_term>
		<spin_exchange_term>
			<ijR>1 1 1 0 -1</ijR>
			<data>3.75706e-04 	 3.75706e-04 	 3.75706e-04</data>
		</spin_exchange_term>
		<spin_exchange_term>
			<ijR>1 1 1 0 0</ijR>
			<data>4.42349e-03 	 4.42349e-03 	 4.42349e-03</data>
		</spin_exchange_term>
		<spin_exchange_term>
			<ijR>1 1 1 0 1</ijR>
			<data>4.10933e-04 	 4.10933e-04 	 4.10933e-04</data>
		</spin_exchange_term>
		<spin_exchange_term>
			<ijR>1 1 1 1 -1</ijR>
			<data>4.00080e-04 	 4.00080e-04 	 4.00080e-04</data>
		</spin_exchange_term>
		<spin_exchange_term>
			<ijR>1 1 1 1 0</ijR>
			<data>4.50195e-03 	 4.50195e-03 	 4.50195e-03</data>
		</spin_exchange_term>
		<spin_exchange_term>
			<ijR>1 1 1 1 1</ijR>
			<data>4.02137e-04 	 4.02137e-04 	 4.02137e-04</data>
		</spin_exchange_term>
		<spin_exchange_term>
			<ijR>1 1 1 2 -1</ijR>
			<data>-2.01676e-03 	 -2.01676e-03 	 -2.01676e-03</data>
		</spin_exchange_term>
		<spin_exchange_term>
			<ijR>1 1 1 2 0</ijR>
			<data>1.96692e-03 	 1.96692e-03 	 1.96692e-03</data>
		</spin_exchange_term>
		<spin_exchange_term>
			<ijR>1 1 1 2 1</ijR>
			<data>-1.04754e-03 	 -1.04754e-03 	 -1.04754e-03</data>
		</spin_exchange_term>
		<spin_exchange_term>
			<ijR>1 1 1 3 -1</ijR>
			<data>5.49111e-05 	 5.49111e-05 	 5.49111e-05</data>
		</spin_exchange_term>
		<spin_exchange_term>
			<ijR>1 1 1 3 0</ijR>
			<data>-2.16514e-04 	 -2.16514e-04 	 -2.16514e-04</data>
		</spin_exchange_term>
		<spin_exchange_term>
			<ijR>1 1 1 3 1</ijR>
			<data>4.66377e-05 	 4.66377e-05 	 4.66377e-05</data>
		</spin_exchange_term>
		<spin_exchange_term>
			<ijR>1 1 2 -1 -1</ijR>
			<data>7.55535e-05 	 7.55535e-05 	 7.55535e-05</data>
		</spin_exchange_term>
		<spin_exchange_term>
			<ijR>1 1 2 -1 0</ijR>
			<data>-1.73070e-04 	 -1.73070e-04 	 -1.73070e-04</data>
		</spin_exchange_term>
		<spin_exchange_term>
			<ijR>1 1 2 -1 1</ijR>
			<data>5.90634e-05 	 5.90634e-05 	 5.90634e-05</data>
		</spin_exchange_term>
		<spin_exchange_term>
			<ijR>1 1 2 0 -1</ijR>
			<data>-3.24373e-05 	 -3.24373e-05 	 -3.24373e-05</data>
		</spin_exchange_term>
		<spin_exchange_term>
			<ijR>1 1 2 0 0</ijR>
			<data>1.01312e-04 	 1.01312e-04 	 1.01312e-04</data>
		</spin_exchange_term>
		<spin_exchange_term>
			<ijR>1 1 2 0 1</ijR>
			<data>-1.49295e-04 	 -1.49295e-04 	 -1.49295e-04</data>
		</spin_exchange_term>
		<spin_exchange_term>
			<ijR>1 1 2 1 -1</ijR>
			<data>-1.13862e-03 	 -1.13862e-03 	 -1.13862e-03</data>
		</spin_exchange_term>
		<spin_exchange_term>
			<ijR>1 1 2 1 0</ijR>
			<data>1.97040e-03 	 1.97040e-03 	 1.97040e-03</data>
		</spin_exchange_term>
		<spin_exchange_term>
			<ijR>1 1 2 1 1</ijR>
			<data>-2.12447e-03 	 -2.12447e-03 	 -2.12447e-03</data>
		</spin_exchange_term>
		<spin_exchange_term>
			<ijR>1 1 2 2 -1</ijR>
			<data>-8.70566e-05 	 -8.70566e-05 	 -8.70566e-05</data>
		</spin_exchange_term>
		<spin_exchange_term>
			<ijR>1 1 2 2 0</ijR>
			<data>5.75682e-05 	 5.75682e-05 	 5.75682e-05</data>
		</spin_exchange_term>
		<spin_exchange_term>
			<ijR>1 1 2 2 1</ijR>
			<data>-7.05370e-05 	 -7.05370e-05 	 -7.05370e-05</data>
		</spin_exchange_term>
		<spin_exchange_term>
			<ijR>1 1 2 3 -1</ijR>
			<data>-8.80448e-06 	 -8.80448e-06 	 -8.80448e-06</data>
		</spin_exchange_term>
		<spin_exchange_term>
			<ijR>1 1 2 3 0</ijR>
			<data>-2.21096e-04 	 -2.21096e-04 	 -2.21096e-04</data>
		</spin_exchange_term>
		<spin_exchange_term>
			<ijR>1 1 2 3 1</ijR>
			<data>5.44795e-05 	 5.44795e-05 	 5.44795e-05</data>
		</spin_exchange_term>
		<spin_exchange_term>
			<ijR>1 1 3 0 0</ijR>
			<data>-1.80770e-04 	 -1.80770e-04 	 -1.80770e-04</data>
		</spin_exchange_term>
		<spin_exchange_term>
			<ijR>1 1 3 1 -1</ijR>
			<data>3.76479e-05 	 3.76479e-05 	 3.76479e-05</data>
		</spin_exchange_term>
		<spin_exchange_term>
			<ijR>1 1 3 1 0</ijR>
			<data>-2.11115e-04 	 -2.11115e-04 	 -2.11115e-04</data>
		</spin_exchange_term>
		<spin_exchange_term>
			<ijR>1 1 3 1 1</ijR>
			<data>7.06202e-05 	 7.06202e-05 	 7.06202e-05</data>
		</spin_exchange_term>
		<spin_exchange_term>
			<ijR>1 1 3 2 -1</ijR>
			<data>6.15162e-05 	 6.15162e-05 	 6.15162e-05</data>
		</spin_exchange_term>
		<spin_exchange_term>
			<ijR>1 1 3 2 0</ijR>
			<data>-2.17077e-04 	 -2.17077e-04 	 -2.17077e-04</data>
		</spin_exchange_term>
		<spin_exchange_term>
			<ijR>1 1 3 2 1</ijR>
			<data>1.84229e-06 	 1.84229e-06 	 1.84229e-06</data>
		</spin_exchange_term>
		<spin_exchange_term>
			<ijR>1 1 3 3 0</ijR>
			<data>-1.29463e-04 	 -1.29463e-04 	 -1.29463e-04</data>
		</spin_exchange_term>
	</spin_exchange_list>
	<spin_DMI_list units="eV">
		<nterms>98</nterms>
		<spin_DMI_term>
			<ijR>1 1 -3 -3 0</ijR>
			<data>-1.46881e-06 	 -1.07602e-06 	 -4.24944e-06</data>
		</spin_DMI_term>
		<spin_DMI_term>
			<ijR>1 1 -3 -2 -1</ijR>
			<data>-2.91209e-06 	 3.02934e-06 	 -2.38314e-06</data>
		</spin_DMI_term>
		<spin_DMI_term>
			<ijR>1 1 -3 -2 0</ijR>
			<data>-1.41574e-07 	 -1.77943e-06 	 -6.19139e-06</data>
		</spin_DMI_term>
		<spin_DMI_term>
			<ijR>1 1 -3 -2 1</ijR>
			<data>-4.71754e-07 	 -2.08596e-06 	 -5.87733e-06</data>
		</spin_DMI_term>
		<spin_DMI_term>
			<ijR>1 1 -3 -1 -1</ijR>
			<data>-1.33767e-06 	 4.90183e-06 	 2.78537e-06</data>
		</spin_DMI_term>
		<spin_DMI_term>
			<ijR>1 1 -3 -1 0</ijR>
			<data>-1.96331e-06 	 -8.79301e-06 	 1.59864e-05</data>
		</spin_DMI_term>
		<spin_DMI_term>
			<ijR>1 1 -3 -1 1</ijR>
			<data>-3.04325e-06 	 -8.92224e-06 	 1.37039e-05</data>
		</spin_DMI_term>
		<spin_DMI_term>
			<ijR>1 1 -3 0 0</ijR>
			<data>8.75883e-07 	 -9.59784e-06 	 6.53087e-06</data>
		</spin_DMI_term>
		<spin_DMI_term>
			<ijR>1 1 -2 -3 -1</ijR>
			<data>-1.17317e-06 	 5.35993e-07 	 -1.59607e-06</data>
		</spin_DMI_term>
		<spin_DMI_term>
			<ijR>1 1 -2 -3 0</ijR>
			<data>-1.34890e-07 	 9.39895e-07 	 9.23859e-06</data>
		</spin_DMI_term>
		<spin_DMI_term>
			<ijR>1 1 -2 -3 1</ijR>
			<data>3.70645e-06 	 8.64219e-07 	 -1.18732e-06</data>
		</spin_DMI_term>
		<spin_DMI_term>
			<ijR>1 1 -2 -2 -1</ijR>
			<data>-1.60869e-06 	 -1.10596e-05 	 1.38461e-05</data>
		</spin_DMI_term>
		<spin_DMI_term>
			<ijR>1 1 -2 -2 0</ijR>
			<data>-6.40072e-06 	 -1.69286e-05 	 1.31543e-05</data>
		</spin_DMI_term>
		<spin_DMI_term>
			<ijR>1 1 -2 -2 1</ijR>
			<data>-4.53667e-06 	 -7.51602e-06 	 -5.15264e-08</data>
		</spin_DMI_term>
		<spin_DMI_term>
			<ijR>1 1 -2 -1 -1</ijR>
			<data>-1.05491e-06 	 -1.34779e-05 	 8.20861e-06</data>
		</spin_DMI_term>
		<spin_DMI_term>
			<ijR>1 1 -2 -1 0</ijR>
			<data>3.31132e-06 	 -1.63286e-06 	 -1.82245e-05</data>
		</spin_DMI_term>
		<spin_DMI_term>
			<ijR>1 1 -2 -1 1</ijR>
			<data>1.73024e-06 	 1.34387e-05 	 -2.83108e-05</data>
		</spin_DMI_term>
		<spin_DMI_term>
			<ijR>1 1 -2 0 -1</ijR>
			<data>-1.19962e-06 	 1.37380e-06 	 -1.26243e-05</data>
		</spin_DMI_term>
		<spin_DMI_term>
			<ijR>1 1 -2 0 0</ijR>
			<data>2.10503e-06 	 8.16692e-06 	 -2.57870e-05</data>
		</spin_DMI_term>
		<spin_DMI_term>
			<ijR>1 1 -2 0 1</ijR>
			<data>2.84845e-06 	 8.66604e-06 	 -1.59474e-05</data>
		</spin_DMI_term>
		<spin_DMI_term>
			<ijR>1 1 -2 1 -1</ijR>
			<data>1.75090e-08 	 -9.50471e-07 	 -3.40396e-06</data>
		</spin_DMI_term>
		<spin_DMI_term>
			<ijR>1 1 -2 1 0</ijR>
			<data>2.38306e-06 	 5.61204e-07 	 -4.71637e-06</data>
		</spin_DMI_term>
		<spin_DMI_term>
			<ijR>1 1 -2 1 1</ijR>
			<data>1.64681e-06 	 3.99067e-07 	 1.42756e-05</data>
		</spin_DMI_term>
		<spin_DMI_term>
			<ijR>1 1 -1 -3 -1</ijR>
			<data>-2.66921e-06 	 -7.20706e-06 	 2.44725e-06</data>
		</spin_DMI_term>
		<spin_DMI_term>
			<ijR>1 1 -1 -3 0</ijR>
			<data>-1.88888e-06 	 -3.98841e-06 	 -2.73373e-06</data>
		</spin_DMI_term>
		<spin_DMI_term>
			<ijR>1 1 -1 -3 1</ijR>
			<data>4.01120e-06 	 3.92802e-06 	 -1.37483e-05</data>
		</spin_DMI_term>
		<spin_DMI_term>
			<ijR>1 1 -1 -2 -1</ijR>
			<data>3.81766e-06 	 1.27373e-06 	 1.45716e-05</data>
		</spin_DMI_term>
		<spin_DMI_term>
			<ijR>1 1 -1 -2 0</ijR>
			<data>-4.80525e-06 	 1.28985e-06 	 1.07806e-05</data>
		</spin_DMI_term>
		<spin_DMI_term>
			<ijR>1 1 -1 -2 1</ijR>
			<data>-6.10411e-06 	 -3.04314e-06 	 4.36067e-07</data>
		</spin_DMI_term>
		<spin_DMI_term>
			<ijR>1 1 -1 -1 -1</ijR>
			<data>2.66308e-07 	 -1.63993e-06 	 1.57124e-06</data>
		</spin_DMI_term>
		<spin_DMI_term>
			<ijR>1 1 -1 -1 0</ijR>
			<data>1.52999e-06 	 2.85352e-06 	 -6.75160e-06</data>
		</spin_DMI_term>
		<spin_DMI_term>
			<ijR>1 1 -1 -1 1</ijR>
			<data>1.56017e-06 	 1.73865e-07 	 1.38911e-06</data>
		</spin_DMI_term>
		<spin_DMI_term>
			<ijR>1 1 -1 0 -1</ijR>
			<data>-1.29910e-06 	 8.37634e-07 	 2.32185e-08</data>
		</spin_DMI_term>
		<spin_DMI_term>
			<ijR>1 1 -1 0 0</ijR>
			<data>5.78081e-07 	 8.19468e-06 	 4.72002e-07</data>
		</spin_DMI_term>
		<spin_DMI_term>
			<ijR>1 1 -1 0 1</ijR>
			<data>2.05212e-06 	 3.53916e-06 	 1.14415e-05</data>
		</spin_DMI_term>
		<spin_DMI_term>
			<ijR>1 1 -1 1 -1</ijR>
			<data>-6.13775e-06 	 1.32661e-05 	 -5.36707e-05</data>
		</spin_DMI_term>
		<spin_DMI_term>
			<ijR>1 1 -1 1 0</ijR>
			<data>-3.87417e-06 	 9.56420e-06 	 -5.51091e-05</data>
		</spin_DMI_term>
		<spin_DMI_term>
			<ijR>1 1 -1 1 1</ijR>
			<data>2.80524e-06 	 -2.13159e-06 	 1.68700e-06</data>
		</spin_DMI_term>
		<spin_DMI_term>
			<ijR>1 1 -1 2 -1</ijR>
			<data>-5.38294e-07 	 1.61723e-06 	 -1.25784e-05</data>
		</spin_DMI_term>
		<spin_DMI_term>
			<ijR>1 1 -1 2 0</ijR>
			<data>6.60797e-07 	 -2.42565e-06 	 -3.56609e-06</data>
		</spin_DMI_term>
		<spin_DMI_term>
			<ijR>1 1 -1 2 1</ijR>
			<data>4.02344e-07 	 -3.11706e-06 	 1.84479e-05</data>
		</spin_DMI_term>
		<spin_DMI_term>
			<ijR>1 1 0 -3 0</ijR>
			<data>-2.19050e-06 	 -7.58873e-07 	 4.56487e-06</data>
		</spin_DMI_term>
		<spin_DMI_term>
			<ijR>1 1 0 -2 -1</ijR>
			<data>4.52734e-07 	 7.85870e-06 	 -1.16869e-06</data>
		</spin_DMI_term>
		<spin_DMI_term>
			<ijR>1 1 0 -2 0</ijR>
			<data>-2.44532e-06 	 4.98584e-06 	 1.62420e-05</data>
		</spin_DMI_term>
		<spin_DMI_term>
			<ijR>1 1 0 -2 1</ijR>
			<data>-2.87152e-06 	 -4.69901e-07 	 1.00414e-05</data>
		</spin_DMI_term>
		<spin_DMI_term>
			<ijR>1 1 0 -1 -1</ijR>
			<data>1.66508e-06 	 5.14370e-06 	 -1.81681e-05</data>
		</spin_DMI_term>
		<spin_DMI_term>
			<ijR>1 1 0 -1 0</ijR>
			<data>4.23797e-06 	 9.75813e-06 	 -1.43152e-05</data>
		</spin_DMI_term>
		<spin_DMI_term>
			<ijR>1 1 0 -1 1</ijR>
			<data>1.31457e-06 	 1.79661e-06 	 9.46826e-08</data>
		</spin_DMI_term>
		<spin_DMI_term>
			<ijR>1 1 0 0 -1</ijR>
			<data>-1.79302e-05 	 1.72622e-05 	 -3.82755e-05</data>
		</spin_DMI_term>
		<spin_DMI_term>
			<ijR>1 1 0 0 1</ijR>
			<data>1.79302e-05 	 -1.72622e-05 	 3.82755e-05</data>
		</spin_DMI_term>
		<spin_DMI_term>
			<ijR>1 1 0 1 -1</ijR>
			<data>-1.31457e-06 	 -1.79661e-06 	 -9.46826e-08</data>
		</spin_DMI_term>
		<spin_DMI_term>
			<ijR>1 1 0 1 0</ijR>
			<data>-4.23797e-06 	 -9.75813e-06 	 1.43152e-05</data>
		</spin_DMI_term>
		<spin_DMI_term>
			<ijR>1 1 0 1 1</ijR>
			<data>-1.66508e-06 	 -5.14370e-06 	 1.81681e-05</data>
		</spin_DMI_term>
		<spin_DMI_term>
			<ijR>1 1 0 2 -1</ijR>
			<data>2.87152e-06 	 4.69901e-07 	 -1.00414e-05</data>
		</spin_DMI_term>
		<spin_DMI_term>
			<ijR>1 1 0 2 0</ijR>
			<data>2.44532e-06 	 -4.98584e-06 	 -1.62420e-05</data>
		</spin_DMI_term>
		<spin_DMI_term>
			<ijR>1 1 0 2 1</ijR>
			<data>-4.52734e-07 	 -7.85870e-06 	 1.16869e-06</data>
		</spin_DMI_term>
		<spin_DMI_term>
			<ijR>1 1 0 3 0</ijR>
			<data>2.19050e-06 	 7.58873e-07 	 -4.56487e-06</data>
		</spin_DMI_term>
		<spin_DMI_term>
			<ijR>1 1 1 -2 -1</ijR>
			<data>-4.02344e-07 	 3.11706e-06 	 -1.84479e-05</data>
		</spin_DMI_term>
		<spin_DMI_term>
			<ijR>1 1 1 -2 0</ijR>
			<data>-6.60797e-07 	 2.42565e-06 	 3.56609e-06</data>
		</spin_DMI_term>
		<spin_DMI_term>
			<ijR>1 1 1 -2 1</ijR>
			<data>5.38294e-07 	 -1.61723e-06 	 1.25784e-05</data>
		</spin_DMI_term>
		<spin_DMI_term>
			<ijR>1 1 1 -1 -1</ijR>
			<data>-2.80524e-06 	 2.13159e-06 	 -1.68700e-06</data>
		</spin_DMI_term>
		<spin_DMI_term>
			<ijR>1 1 1 -1 0</ijR>
			<data>3.87417e-06 	 -9.56420e-06 	 5.51091e-05</data>
		</spin_DMI_term>
		<spin_DMI_term>
			<ijR>1 1 1 -1 1</ijR>
			<data>6.13775e-06 	 -1.32661e-05 	 5.36707e-05</data>
		</spin_DMI_term>
		<spin_DMI_term>
			<ijR>1 1 1 0 -1</ijR>
			<data>-2.05212e-06 	 -3.53916e-06 	 -1.14415e-05</data>
		</spin_DMI_term>
		<spin_DMI_term>
			<ijR>1 1 1 0 0</ijR>
			<data>-5.78081e-07 	 -8.19468e-06 	 -4.72002e-07</data>
		</spin_DMI_term>
		<spin_DMI_term>
			<ijR>1 1 1 0 1</ijR>
			<data>1.29910e-06 	 -8.37634e-07 	 -2.32185e-08</data>
		</spin_DMI_term>
		<spin_DMI_term>
			<ijR>1 1 1 1 -1</ijR>
			<data>-1.56017e-06 	 -1.73865e-07 	 -1.38911e-06</data>
		</spin_DMI_term>
		<spin_DMI_term>
			<ijR>1 1 1 1 0</ijR>
			<data>-1.52999e-06 	 -2.85352e-06 	 6.75160e-06</data>
		</spin_DMI_term>
		<spin_DMI_term>
			<ijR>1 1 1 1 1</ijR>
			<data>-2.66308e-07 	 1.63993e-06 	 -1.57124e-06</data>
		</spin_DMI_term>
		<spin_DMI_term>
			<ijR>1 1 1 2 -1</ijR>
			<data>6.10411e-06 	 3.04314e-06 	 -4.36067e-07</data>
		</spin_DMI_term>
		<spin_DMI_term>
			<ijR>1 1 1 2 0</ijR>
			<data>4.80525e-06 	 -1.28985e-06 	 -1.07806e-05</data>
		</spin_DMI_term>
		<spin_DMI_term>
			<ijR>1 1 1 2 1</ijR>
			<data>-3.81766e-06 	 -1.27373e-06 	 -1.45716e-05</data>
		</spin_DMI_term>
		<spin_DMI_term>
			<ijR>1 1 1 3 -1</ijR>
			<data>-4.01120e-06 	 -3.92802e-06 	 1.37483e-05</data>
		</spin_DMI_term>
		<spin_DMI_term>
			<ijR>1 1 1 3 0</ijR>
			<data>1.88888e-06 	 3.98841e-06 	 2.73373e-06</data>
		</spin_DMI_term>
		<spin_DMI_term>
			<ijR>1 1 1 3 1</ijR>
			<data>2.66921e-06 	 7.20706e-06 	 -2.44725e-06</data>
		</spin_DMI_term>
		<spin_DMI_term>
			<ijR>1 1 2 -1 -1</ijR>
			<data>-1.64681e-06 	 -3.99067e-07 	 -1.42756e-05</data>
		</spin_DMI_term>
		<spin_DMI_term>
			<ijR>1 1 2 -1 0</ijR>
			<data>-2.38306e-06 	 -5.61204e-07 	 4.71637e-06</data>
		</spin_DMI_term>
		<spin_DMI_term>
			<ijR>1 1 2 -1 1</ijR>
			<data>-1.75090e-08 	 9.50471e-07 	 3.40396e-06</data>
		</spin_DMI_term>
		<spin_DMI_term>
			<ijR>1 1 2 0 -1</ijR>
			<data>-2.84845e-06 	 -8.66604e-06 	 1.59474e-05</data>
		</spin_DMI_term>
		<spin_DMI_term>
			<ijR>1 1 2 0 0</ijR>
			<data>-2.10503e-06 	 -8.16692e-06 	 2.57870e-05</data>
		</spin_DMI_term>
		<spin_DMI_term>
			<ijR>1 1 2 0 1</ijR>
			<data>1.19962e-06 	 -1.37380e-06 	 1.26243e-05</data>
		</spin_DMI_term>
		<spin_DMI_term>
			<ijR>1 1 2 1 -1</ijR>
			<data>-1.73024e-06 	 -1.34387e-05 	 2.83108e-05</data>
		</spin_DMI_term>
		<spin_DMI_term>
			<ijR>1 1 2 1 0</ijR>
			<data>-3.31132e-06 	 1.63286e-06 	 1.82245e-05</data>
		</spin_DMI_term>
		<spin_DMI_term>
			<ijR>1 1 2 1 1</ijR>
			<data>1.05491e-06 	 1.34779e-05 	 -8.20861e-06</data>
		</spin_DMI_term>
		<spin_DMI_term>
			<ijR>1 1 2 2 -1</ijR>
			<data>4.53667e-06 	 7.51602e-06 	 5.15264e-08</data>
		</spin_DMI_term>
		<spin_DMI_term>
			<ijR>1 1 2 2 0</ijR>
			<data>6.40072e-06 	 1.69286e-05 	 -1.31543e-05</data>
		</spin_DMI_term>
		<spin_DMI_term>
			<ijR>1 1 2 2 1</ijR>
			<data>1.60869e-06 	 1.10596e-05 	 -1.38461e-05</data>
		</spin_DMI_term>
		<spin_DMI_term>
			<ijR>1 1 2 3 -1</ijR>
			<data>-3.70645e-06 	 -8.64219e-07 	 1.18732e-06</data>
		</spin_DMI_term>
		<spin_DMI_term>
			<ijR>1 1 2 3 0</ijR>
			<data>1.34890e-07 	 -9.39895e-07 	 -9.23859e-06</data>
		</spin_DMI_term>
		<spin_DMI_term>
			<ijR>1 1 2 3 1</ijR>
			<data>1.17317e-06 	 -5.35993e-07 	 1.59607e-06</data>
		</spin_DMI_term>
		<spin_DMI_term>
			<ijR>1 1 3 0 0</ijR>
			<data>-8.75883e-07 	 9.59784e-06 	 -6.53087e-06</data>
		</spin_DMI_term>
		<spin_DMI_term>
			<ijR>1 1 3 1 -1</ijR>
			<data>3.04325e-06 	 8.92224e-06 	 -1.37039e-05</data>
		</spin_DMI_term>
		<spin_DMI_term>
			<ijR>1 1 3 1 0</ijR>
			<data>1.96331e-06 	 8.79301e-06 	 -1.59864e-05</data>
		</spin_DMI_term>
		<spin_DMI_term>
			<ijR>1 1 3 1 1</ijR>
			<data>1.33767e-06 	 -4.90183e-06 	 -2.78537e-06</data>
		</spin_DMI_term>
		<spin_DMI_term>
			<ijR>1 1 3 2 -1</ijR>
			<data>4.71754e-07 	 2.08596e-06 	 5.87733e-06</data>
		</spin_DMI_term>
		<spin_DMI_term>
			<ijR>1 1 3 2 0</ijR>
			<data>1.41574e-07 	 1.77943e-06 	 6.19139e-06</data>
		</spin_DMI_term>
		<spin_DMI_term>
			<ijR>1 1 3 2 1</ijR>
			<data>2.91209e-06 	 -3.02934e-06 	 2.38314e-06</data>
		</spin_DMI_term>
		<spin_DMI_term>
			<ijR>1 1 3 3 0</ijR>
			<data>1.46881e-06 	 1.07602e-06 	 4.24944e-06</data>
		</spin_DMI_term>
	</spin_DMI_list>
	<spin_bilinear_list units="eV">
		<nterms>98</nterms>
		<spin_bilinear_term>
			<ijR>1 1 -3 -3 0</ijR>
			<data>1.53662e-05	-3.83465e-05	-4.12584e-07	-3.83465e-05	-2.84948e-05	2.77153e-06	-4.12584e-07	2.77153e-06	3.28483e-04</data>
		</spin_bilinear_term>
		<spin_bilinear_term>
			<ijR>1 1 -3 -2 -1</ijR>
			<data>-2.30430e-05	6.89902e-06	5.37832e-05	6.89902e-06	-1.19376e-05	6.24493e-05	5.37832e-05	6.24493e-05	-8.10886e-05</data>
		</spin_bilinear_term>
		<spin_bilinear_term>
			<ijR>1 1 -3 -2 0</ijR>
			<data>4.56725e-05	-2.32766e-06	1.07042e-04	-2.32766e-06	4.50103e-05	1.77238e-04	1.07042e-04	1.77238e-04	1.13066e-03</data>
		</spin_bilinear_term>
		<spin_bilinear_term>
			<ijR>1 1 -3 -2 1</ijR>
			<data>1.12737e-04	1.23964e-05	3.49891e-05	1.23964e-05	2.01421e-05	-2.06688e-05	3.49891e-05	-2.06688e-05	-2.38278e-04</data>
		</spin_bilinear_term>
		<spin_bilinear_term>
			<ijR>1 1 -3 -1 -1</ijR>
			<data>-7.81877e-06	-8.10577e-06	8.03487e-05	-8.10577e-06	-2.83459e-05	3.05014e-05	8.03487e-05	3.05014e-05	-9.89194e-05</data>
		</spin_bilinear_term>
		<spin_bilinear_term>
			<ijR>1 1 -3 -1 0</ijR>
			<data>4.25406e-05	-1.03682e-05	1.98433e-04	-1.03682e-05	4.34128e-05	3.20777e-05	1.98433e-04	3.20777e-05	1.13059e-03</data>
		</spin_bilinear_term>
		<spin_bilinear_term>
			<ijR>1 1 -3 -1 1</ijR>
			<data>5.02120e-05	4.79366e-05	-4.50806e-06	4.79366e-05	7.88886e-05	3.54874e-05	-4.50806e-06	3.54874e-05	-2.38214e-04</data>
		</spin_bilinear_term>
		<spin_bilinear_term>
			<ijR>1 1 -3 0 0</ijR>
			<data>-4.86723e-05	1.77002e-06	1.01904e-05	1.77002e-06	5.08686e-05	-2.95564e-05	1.01904e-05	-2.95564e-05	4.48938e-04</data>
		</spin_bilinear_term>
		<spin_bilinear_term>
			<ijR>1 1 -2 -3 -1</ijR>
			<data>2.54535e-05	-3.45340e-05	3.96559e-05	-3.45340e-05	9.95991e-05	-2.84150e-05	3.96559e-05	-2.84150e-05	-2.63519e-04</data>
		</spin_bilinear_term>
		<spin_bilinear_term>
			<ijR>1 1 -2 -3 0</ijR>
			<data>4.80879e-05	-1.09315e-05	-8.90871e-05	-1.09315e-05	4.09394e-05	-1.69014e-04	-8.90871e-05	-1.69014e-04	1.18526e-03</data>
		</spin_bilinear_term>
		<spin_bilinear_term>
			<ijR>1 1 -2 -3 1</ijR>
			<data>-2.38461e-05	3.08384e-06	-3.97573e-05	3.08384e-06	-1.29527e-05	-8.56287e-05	-3.97573e-05	-8.56287e-05	-9.21301e-05</data>
		</spin_bilinear_term>
		<spin_bilinear_term>
			<ijR>1 1 -2 -2 -1</ijR>
			<data>1.35347e-05	6.09876e-05	5.58019e-05	6.09876e-05	-2.44186e-05	2.64279e-04	5.58019e-05	2.64279e-04	2.61781e-05</data>
		</spin_bilinear_term>
		<spin_bilinear_term>
			<ijR>1 1 -2 -2 0</ijR>
			<data>8.44864e-05	4.81032e-05	-2.90588e-04	4.81032e-05	1.50635e-04	1.65844e-04	-2.90588e-04	1.65844e-04	6.24876e-04</data>
		</spin_bilinear_term>
		<spin_bilinear_term>
			<ijR>1 1 -2 -2 1</ijR>
			<data>-6.61847e-05	1.54037e-05	-1.97662e-04	1.54037e-05	5.88413e-05	-1.82976e-04	-1.97662e-04	-1.82976e-04	6.31993e-05</data>
		</spin_bilinear_term>
		<spin_bilinear_term>
			<ijR>1 1 -2 -1 -1</ijR>
			<data>-5.51273e-05	2.60592e-05	-6.15940e-05	2.60592e-05	-8.38291e-05	-3.97924e-05	-6.15940e-05	-3.97924e-05	8.78568e-04</data>
		</spin_bilinear_term>
		<spin_bilinear_term>
			<ijR>1 1 -2 -1 0</ijR>
			<data>2.43270e-04	1.56263e-04	1.94185e-04	1.56263e-04	7.15155e-05	1.04591e-04	1.94185e-04	1.04591e-04	-1.43003e-03</data>
		</spin_bilinear_term>
		<spin_bilinear_term>
			<ijR>1 1 -2 -1 1</ijR>
			<data>1.00158e-04	-1.95528e-05	-1.76825e-04	-1.95528e-05	1.39854e-04	-1.21682e-04	-1.76825e-04	-1.21682e-04	3.37039e-04</data>
		</spin_bilinear_term>
		<spin_bilinear_term>
			<ijR>1 1 -2 0 -1</ijR>
			<data>4.28411e-05	4.85728e-05	2.50799e-04	4.85728e-05	-5.57335e-05	-6.77998e-05	2.50799e-04	-6.77998e-05	1.06804e-04</data>
		</spin_bilinear_term>
		<spin_bilinear_term>
			<ijR>1 1 -2 0 0</ijR>
			<data>1.64574e-04	-5.97632e-06	-3.24360e-06	-5.97632e-06	5.68825e-05	-3.34935e-04	-3.24360e-06	-3.34935e-04	5.16788e-04</data>
		</spin_bilinear_term>
		<spin_bilinear_term>
			<ijR>1 1 -2 0 1</ijR>
			<data>3.90109e-05	-5.07046e-05	-2.46723e-04	-5.07046e-05	-4.34528e-05	-8.68096e-05	-2.46723e-04	-8.68096e-05	3.12250e-05</data>
		</spin_bilinear_term>
		<spin_bilinear_term>
			<ijR>1 1 -2 1 -1</ijR>
			<data>5.03403e-05	-4.83046e-05	-9.36296e-06	-4.83046e-05	7.70297e-05	4.65364e-05	-9.36296e-06	4.65364e-05	-2.27112e-04</data>
		</spin_bilinear_term>
		<spin_bilinear_term>
			<ijR>1 1 -2 1 0</ijR>
			<data>2.94200e-05	1.24340e-05	-1.81027e-04	1.24340e-05	5.88107e-05	2.16496e-05	-1.81027e-04	2.16496e-05	1.09231e-03</data>
		</spin_bilinear_term>
		<spin_bilinear_term>
			<ijR>1 1 -2 1 1</ijR>
			<data>-1.38826e-05	-3.69463e-07	-7.59716e-05	-3.69463e-07	-2.51378e-05	3.16597e-05	-7.59716e-05	3.16597e-05	-1.24839e-04</data>
		</spin_bilinear_term>
		<spin_bilinear_term>
			<ijR>1 1 -1 -3 -1</ijR>
			<data>2.09137e-05	3.15051e-05	-3.49658e-05	3.15051e-05	9.59375e-05	-1.21866e-05	-3.49658e-05	-1.21866e-05	-2.29631e-04</data>
		</spin_bilinear_term>
		<spin_bilinear_term>
			<ijR>1 1 -1 -3 0</ijR>
			<data>5.93058e-05	-2.12700e-06	8.47876e-05	-2.12700e-06	3.66655e-05	-1.77662e-04	8.47876e-05	-1.77662e-04	1.15736e-03</data>
		</spin_bilinear_term>
		<spin_bilinear_term>
			<ijR>1 1 -1 -3 1</ijR>
			<data>-1.09808e-05	-9.27463e-06	1.24370e-05	-9.27463e-06	-1.98414e-05	-7.42881e-05	1.24370e-05	-7.42881e-05	-1.04892e-04</data>
		</spin_bilinear_term>
		<spin_bilinear_term>
			<ijR>1 1 -1 -2 -1</ijR>
			<data>1.35395e-04	7.91839e-06	1.93965e-05	7.91839e-06	7.66980e-05	2.22128e-04	1.93965e-05	2.22128e-04	2.10228e-04</data>
		</spin_bilinear_term>
		<spin_bilinear_term>
			<ijR>1 1 -1 -2 0</ijR>
			<data>-2.33966e-05	1.55394e-06	4.81295e-06	1.55394e-06	3.11474e-04	-2.38438e-04	4.81295e-06	-2.38438e-04	-1.46553e-03</data>
		</spin_bilinear_term>
		<spin_bilinear_term>
			<ijR>1 1 -1 -2 1</ijR>
			<data>-9.72984e-05	9.63012e-07	-1.16287e-05	9.63012e-07	-3.96931e-05	7.10733e-05	-1.16287e-05	7.10733e-05	7.75229e-04</data>
		</spin_bilinear_term>
		<spin_bilinear_term>
			<ijR>1 1 -1 -1 -1</ijR>
			<data>-5.44148e-05	-6.89068e-06	5.90473e-05	-6.89068e-06	7.49136e-05	-1.39325e-04	5.90473e-05	-1.39325e-04	-1.20960e-03</data>
		</spin_bilinear_term>
		<spin_bilinear_term>
			<ijR>1 1 -1 -1 0</ijR>
			<data>-2.40301e-04	9.30366e-05	-1.96760e-04	9.30366e-05	-1.25902e-04	1.23045e-04	-1.96760e-04	1.23045e-04	-1.02491e-02</data>
		</spin_bilinear_term>
		<spin_bilinear_term>
			<ijR>1 1 -1 -1 1</ijR>
			<data>5.38458e-05	5.28753e-05	1.60411e-04	5.28753e-05	-3.81656e-05	-1.61265e-06	1.60411e-04	-1.61265e-06	-1.19126e-03</data>
		</spin_bilinear_term>
		<spin_bilinear_term>
			<ijR>1 1 -1 0 -1</ijR>
			<data>3.41357e-05	-5.23732e-05	-7.46741e-05	-5.23732e-05	-2.34066e-05	9.76055e-05	-7.46741e-05	9.76055e-05	-1.25514e-03</data>
		</spin_bilinear_term>
		<spin_bilinear_term>
			<ijR>1 1 -1 0 0</ijR>
			<data>-7.44093e-05	4.27557e-06	-1.39118e-05	4.27557e-06	-2.87903e-04	-2.41396e-04	-1.39118e-05	-2.41396e-04	-1.01988e-02</data>
		</spin_bilinear_term>
		<spin_bilinear_term>
			<ijR>1 1 -1 0 1</ijR>
			<data>3.45553e-05	5.57050e-05	5.63314e-05	5.57050e-05	-1.62332e-05	1.44250e-04	5.63314e-05	1.44250e-04	-1.22095e-03</data>
		</spin_bilinear_term>
		<spin_bilinear_term>
			<ijR>1 1 -1 1 -1</ijR>
			<data>9.25566e-05	2.10362e-05	2.03008e-04	2.10362e-05	1.17017e-04	-1.15436e-04	2.03008e-04	-1.15436e-04	4.16554e-04</data>
		</spin_bilinear_term>
		<spin_bilinear_term>
			<ijR>1 1 -1 1 0</ijR>
			<data>2.34730e-04	-1.58219e-04	-1.79456e-04	-1.58219e-04	5.08340e-05	1.18579e-04	-1.79456e-04	1.18579e-04	-1.37381e-03</data>
		</spin_bilinear_term>
		<spin_bilinear_term>
			<ijR>1 1 -1 1 1</ijR>
			<data>-3.00556e-05	-3.30179e-05	5.82340e-05	-3.30179e-05	-8.37166e-05	-3.72720e-05	5.82340e-05	-3.72720e-05	8.69914e-04</data>
		</spin_bilinear_term>
		<spin_bilinear_term>
			<ijR>1 1 -1 2 -1</ijR>
			<data>1.05874e-04	-1.35744e-05	-3.94517e-05	-1.35744e-05	7.91618e-06	-1.50297e-05	-3.94517e-05	-1.50297e-05	-2.33612e-04</data>
		</spin_bilinear_term>
		<spin_bilinear_term>
			<ijR>1 1 -1 2 0</ijR>
			<data>3.65801e-05	1.42697e-05	-1.04103e-04	1.42697e-05	4.81264e-05	1.55298e-04	-1.04103e-04	1.55298e-04	1.05662e-03</data>
		</spin_bilinear_term>
		<spin_bilinear_term>
			<ijR>1 1 -1 2 1</ijR>
			<data>-2.63110e-05	-1.42924e-06	-6.32435e-05	-1.42924e-06	-1.29410e-05	3.58481e-05	-6.32435e-05	3.58481e-05	-1.63852e-04</data>
		</spin_bilinear_term>
		<spin_bilinear_term>
			<ijR>1 1 0 -3 0</ijR>
			<data>2.52992e-05	4.08960e-05	2.62726e-05	4.08960e-05	-1.48406e-05	1.29746e-05	2.62726e-05	1.29746e-05	4.14487e-04</data>
		</spin_bilinear_term>
		<spin_bilinear_term>
			<ijR>1 1 0 -2 -1</ijR>
			<data>2.05771e-05	-6.13259e-05	-3.13677e-05	-6.13259e-05	-2.66289e-05	2.38303e-04	-3.13677e-05	2.38303e-04	4.31647e-05</data>
		</spin_bilinear_term>
		<spin_bilinear_term>
			<ijR>1 1 0 -2 0</ijR>
			<data>1.01670e-04	-4.46464e-05	3.07459e-04	-4.46464e-05	1.45077e-04	1.76617e-04	3.07459e-04	1.76617e-04	5.83072e-04</data>
		</spin_bilinear_term>
		<spin_bilinear_term>
			<ijR>1 1 0 -2 1</ijR>
			<data>-6.45087e-05	-1.97598e-05	1.71400e-04	-1.97598e-05	6.38977e-05	-1.67054e-04	1.71400e-04	-1.67054e-04	1.29110e-04</data>
		</spin_bilinear_term>
		<spin_bilinear_term>
			<ijR>1 1 0 -1 -1</ijR>
			<data>-5.38910e-05	1.75012e-06	-7.53949e-05	1.75012e-06	7.04658e-05	-1.34444e-04	-7.53949e-05	-1.34444e-04	-1.15915e-03</data>
		</spin_bilinear_term>
		<spin_bilinear_term>
			<ijR>1 1 0 -1 0</ijR>
			<data>-2.43500e-04	-9.95110e-05	1.70951e-04	-9.95110e-05	-1.21433e-04	1.25692e-04	1.70951e-04	1.25692e-04	-1.01747e-02</data>
		</spin_bilinear_term>
		<spin_bilinear_term>
			<ijR>1 1 0 -1 1</ijR>
			<data>3.28882e-05	-5.68094e-05	-1.43360e-04	-5.68094e-05	-3.50741e-05	2.08076e-05	-1.43360e-04	2.08076e-05	-1.22901e-03</data>
		</spin_bilinear_term>
		<spin_bilinear_term>
			<ijR>1 1 0 0 -1</ijR>
			<data>-6.78601e-05	-6.78524e-06	-3.22219e-05	-6.78524e-06	-6.89759e-05	9.44611e-06	-3.22219e-05	9.44611e-06	-2.85699e-03</data>
		</spin_bilinear_term>
		<spin_bilinear_term>
			<ijR>1 1 0 0 1</ijR>
			<data>-6.78601e-05	-6.78524e-06	-3.22219e-05	-6.78524e-06	-6.89759e-05	9.44611e-06	-3.22219e-05	9.44611e-06	-2.85699e-03</data>
		</spin_bilinear_term>
		<spin_bilinear_term>
			<ijR>1 1 0 1 -1</ijR>
			<data>3.28882e-05	-5.68094e-05	-1.43360e-04	-5.68094e-05	-3.50741e-05	2.08076e-05	-1.43360e-04	2.08076e-05	-1.22901e-03</data>
		</spin_bilinear_term>
		<spin_bilinear_term>
			<ijR>1 1 0 1 0</ijR>
			<data>-2.43500e-04	-9.95110e-05	1.70951e-04	-9.95110e-05	-1.21433e-04	1.25692e-04	1.70951e-04	1.25692e-04	-1.01747e-02</data>
		</spin_bilinear_term>
		<spin_bilinear_term>
			<ijR>1 1 0 1 1</ijR>
			<data>-5.38910e-05	1.75012e-06	-7.53949e-05	1.75012e-06	7.04658e-05	-1.34444e-04	-7.53949e-05	-1.34444e-04	-1.15915e-03</data>
		</spin_bilinear_term>
		<spin_bilinear_term>
			<ijR>1 1 0 2 -1</ijR>
			<data>-6.45087e-05	-1.97598e-05	1.71400e-04	-1.97598e-05	6.38977e-05	-1.67054e-04	1.71400e-04	-1.67054e-04	1.29110e-04</data>
		</spin_bilinear_term>
		<spin_bilinear_term>
			<ijR>1 1 0 2 0</ijR>
			<data>1.01670e-04	-4.46464e-05	3.07459e-04	-4.46464e-05	1.45077e-04	1.76617e-04	3.07459e-04	1.76617e-04	5.83072e-04</data>
		</spin_bilinear_term>
		<spin_bilinear_term>
			<ijR>1 1 0 2 1</ijR>
			<data>2.05771e-05	-6.13259e-05	-3.13677e-05	-6.13259e-05	-2.66289e-05	2.38303e-04	-3.13677e-05	2.38303e-04	4.31647e-05</data>
		</spin_bilinear_term>
		<spin_bilinear_term>
			<ijR>1 1 0 3 0</ijR>
			<data>2.52992e-05	4.08960e-05	2.62726e-05	4.08960e-05	-1.48406e-05	1.29746e-05	2.62726e-05	1.29746e-05	4.14487e-04</data>
		</spin_bilinear_term>
		<spin_bilinear_term>
			<ijR>1 1 1 -2 -1</ijR>
			<data>-2.63110e-05	-1.42924e-06	-6.32435e-05	-1.42924e-06	-1.29410e-05	3.58481e-05	-6.32435e-05	3.58481e-05	-1.63852e-04</data>
		</spin_bilinear_term>
		<spin_bilinear_term>
			<ijR>1 1 1 -2 0</ijR>
			<data>3.65801e-05	1.42697e-05	-1.04103e-04	1.42697e-05	4.81264e-05	1.55298e-04	-1.04103e-04	1.55298e-04	1.05662e-03</data>
		</spin_bilinear_term>
		<spin_bilinear_term>
			<ijR>1 1 1 -2 1</ijR>
			<data>1.05874e-04	-1.35744e-05	-3.94517e-05	-1.35744e-05	7.91618e-06	-1.50297e-05	-3.94517e-05	-1.50297e-05	-2.33612e-04</data>
		</spin_bilinear_term>
		<spin_bilinear_term>
			<ijR>1 1 1 -1 -1</ijR>
			<data>-3.00556e-05	-3.30179e-05	5.82340e-05	-3.30179e-05	-8.37166e-05	-3.72720e-05	5.82340e-05	-3.72720e-05	8.69914e-04</data>
		</spin_bilinear_term>
		<spin_bilinear_term>
			<ijR>1 1 1 -1 0</ijR>
			<data>2.34730e-04	-1.58219e-04	-1.79456e-04	-1.58219e-04	5.08340e-05	1.18579e-04	-1.79456e-04	1.18579e-04	-1.37381e-03</data>
		</spin_bilinear_term>
		<spin_bilinear_term>
			<ijR>1 1 1 -1 1</ijR>
			<data>9.25566e-05	2.10362e-05	2.03008e-04	2.10362e-05	1.17017e-04	-1.15436e-04	2.03008e-04	-1.15436e-04	4.16554e-04</data>
		</spin_bilinear_term>
		<spin_bilinear_term>
			<ijR>1 1 1 0 -1</ijR>
			<data>3.45553e-05	5.57050e-05	5.63314e-05	5.57050e-05	-1.62332e-05	1.44250e-04	5.63314e-05	1.44250e-04	-1.22095e-03</data>
		</spin_bilinear_term>
		<spin_bilinear_term>
			<ijR>1 1 1 0 0</ijR>
			<data>-7.44093e-05	4.27557e-06	-1.39118e-05	4.27557e-06	-2.87903e-04	-2.41396e-04	-1.39118e-05	-2.41396e-04	-1.01988e-02</data>
		</spin_bilinear_term>
		<spin_bilinear_term>
			<ijR>1 1 1 0 1</ijR>
			<data>3.41357e-05	-5.23732e-05	-7.46741e-05	-5.23732e-05	-2.34066e-05	9.76055e-05	-7.46741e-05	9.76055e-05	-1.25514e-03</data>
		</spin_bilinear_term>
		<spin_bilinear_term>
			<ijR>1 1 1 1 -1</ijR>
			<data>5.38458e-05	5.28753e-05	1.60411e-04	5.28753e-05	-3.81656e-05	-1.61265e-06	1.60411e-04	-1.61265e-06	-1.19126e-03</data>
		</spin_bilinear_term>
		<spin_bilinear_term>
			<ijR>1 1 1 1 0</ijR>
			<data>-2.40301e-04	9.30366e-05	-1.96760e-04	9.30366e-05	-1.25902e-04	1.23045e-04	-1.96760e-04	1.23045e-04	-1.02491e-02</data>
		</spin_bilinear_term>
		<spin_bilinear_term>
			<ijR>1 1 1 1 1</ijR>
			<data>-5.44148e-05	-6.89068e-06	5.90473e-05	-6.89068e-06	7.49136e-05	-1.39325e-04	5.90473e-05	-1.39325e-04	-1.20960e-03</data>
		</spin_bilinear_term>
		<spin_bilinear_term>
			<ijR>1 1 1 2 -1</ijR>
			<data>-9.72984e-05	9.63012e-07	-1.16287e-05	9.63012e-07	-3.96931e-05	7.10733e-05	-1.16287e-05	7.10733e-05	7.75229e-04</data>
		</spin_bilinear_term>
		<spin_bilinear_term>
			<ijR>1 1 1 2 0</ijR>
			<data>-2.33966e-05	1.55394e-06	4.81295e-06	1.55394e-06	3.11474e-04	-2.38438e-04	4.81295e-06	-2.38438e-04	-1.46553e-03</data>
		</spin_bilinear_term>
		<spin_bilinear_term>
			<ijR>1 1 1 2 1</ijR>
