==========================================================================================
Information: 
Exchange parameters generated by TB2J 0.9.0.1
Generation time: 25/02/12 04:22:45
 Input from collinear Wannier90 data.
 Tight binding data from ./. 
 Prefix of wannier function files:wannier90.up and wannier90.dn.
Warning: Please check if the noise level of Wannier function Hamiltonian to make sure it is much smaller than the exchange values.

==========================================================================================
Cell (Angstrom):
3.94999970  -6.84160086  0.00000000
3.94999970  6.84160086  0.00000000
0.00000000  0.00000000  6.20000000

==========================================================================================
Atoms:  
(Note: charge and magmoms only count the wannier functions.)
Atom number        x             y             z       w_charge  w_magmom 
Cr1             0.00000000    0.00000000    3.10000000    4.8929    3.8177
Cr2             3.94999970    0.00000000    0.00000000    4.7761    3.5798
Cr3             1.97499985   -3.42080043    0.00000000    4.7762    3.5797
Cr4             1.97499985    3.42080043    0.00000000    4.7763    3.5797
Cr5             0.00000000    0.00000000    0.00000000    4.8084    3.6281
Te1             3.94999970   -2.28053362    1.51519603    5.5071    0.3663
Te2             3.94999970    2.28053362    4.68480397    5.5071    0.3663
Te3             1.99875408    1.15398132    1.54564505    4.8264   -0.2994
Te4             5.90124532   -1.15398132    4.65435495    4.8267   -0.2996
Te5             5.90124532    1.15398132    1.54564505    4.8263   -0.2993
Te6             3.94999970   -4.53363822    4.65435495    4.8270   -0.2998
Te7             1.99875408   -1.15398132    4.65435495    4.8265   -0.2995
Te8             3.94999970    4.53363822    1.54564505    4.8271   -0.2999
Total                                                    64.0040   17.1202

==========================================================================================
Orbitals used in decomposition: 
The name of the orbitals for the decomposition: 
Cr1 : ['orb_1', 'orb_2', 'orb_3', 'orb_4', 'orb_5']
Cr2 : ['orb_1', 'orb_2', 'orb_3', 'orb_4', 'orb_5']
Cr3 : ['orb_1', 'orb_2', 'orb_3', 'orb_4', 'orb_5']
Cr4 : ['orb_1', 'orb_2', 'orb_3', 'orb_4', 'orb_5']
Cr5 : ['orb_1', 'orb_2', 'orb_3', 'orb_4', 'orb_5']

==========================================================================================
Exchange: 
    i      j          R        J_iso(meV)          vector          distance(A) 
----------------------------------------------------------------------------------------
   Cr5   Cr1   (  0,   0,  -1) -0.8560   ( 0.000,  0.000, -3.100)  3.100 
J_iso: -0.8560 
Orbital contributions:
 isotropic J:
 [[-22.665   0.     -0.     -0.     -0.   ]
 [ -0.     10.063   0.      0.     -0.216]
 [ -0.     -0.     10.072  -0.216  -0.   ]
 [  0.     -0.      0.747   0.307   0.   ]
 [ -0.      0.749   0.      0.      0.304]] 
----------------------------------------------------------------------------------------
   Cr1   Cr5   (  0,   0,   0) -0.8521   ( 0.000,  0.000, -3.100)  3.100 
J_iso: -0.8521 
Orbital contributions:
 isotropic J:
 [[-22.666   0.     -0.      0.     -0.   ]
 [  0.      9.948  -0.     -0.      0.841]
 [ -0.      0.      9.954   0.84    0.   ]
 [ -0.      0.     -0.297   0.414   0.   ]
 [ -0.     -0.297   0.      0.      0.411]] 
----------------------------------------------------------------------------------------
   Cr5   Cr1   (  0,   0,   0) -0.8521   ( 0.000,  0.000,  3.100)  3.100 
J_iso: -0.8521 
Orbital contributions:
 isotropic J:
 [[-22.666   0.     -0.     -0.     -0.   ]
 [  0.      9.948   0.      0.     -0.297]
 [ -0.     -0.      9.954  -0.297   0.   ]
 [  0.     -0.      0.84    0.414   0.   ]
 [ -0.      0.841   0.      0.      0.411]] 
----------------------------------------------------------------------------------------
   Cr1   Cr5   (  0,   0,   1) -0.8560   ( 0.000,  0.000,  3.100)  3.100 
J_iso: -0.8560 
Orbital contributions:
 isotropic J:
 [[-22.665  -0.     -0.      0.     -0.   ]
 [  0.     10.063  -0.     -0.      0.749]
 [ -0.      0.     10.072   0.747   0.   ]
 [ -0.      0.     -0.216   0.307   0.   ]
 [ -0.     -0.216  -0.      0.      0.304]] 
----------------------------------------------------------------------------------------
   Cr5   Cr2   ( -1,  -1,   0)  7.7501   (-3.950,  0.000,  0.000)  3.950 
J_iso:  7.7501 
Orbital contributions:
 isotropic J:
 [[ 0.395 -0.     2.557 -0.959 -0.   ]
 [-0.    -0.204  0.     0.     0.169]
 [ 1.481 -0.     1.424  0.042 -0.   ]
 [-0.325  0.     0.271  2.885 -0.   ]
 [ 0.    -0.088  0.     0.     0.103]] 
----------------------------------------------------------------------------------------
   Cr4   Cr3   ( -1,   0,   0)  3.6304   (-3.950,  0.000,  0.000)  3.950 
J_iso:  3.6304 
Orbital contributions:
 isotropic J:
 [[ 0.543  0.     1.403 -0.813  0.031]
 [ 0.001 -1.275 -0.037  0.182 -0.616]
 [ 1.067 -0.03   1.853 -0.229  0.068]
 [-0.494  0.164  0.096  2.181  0.013]
 [ 0.024 -0.671  0.067  0.018  0.085]] 
----------------------------------------------------------------------------------------
   Cr3   Cr4   (  0,  -1,   0)  3.6318   (-3.950,  0.000,  0.000)  3.950 
J_iso:  3.6318 
Orbital contributions:
 isotropic J:
 [[ 0.543 -0.     1.403 -0.812  0.031]
 [ 0.001 -1.274 -0.037  0.181 -0.615]
 [ 1.067 -0.03   1.852 -0.229  0.068]
 [-0.495  0.163  0.096  2.183  0.013]
 [ 0.024 -0.671  0.066  0.018  0.085]] 
----------------------------------------------------------------------------------------
   Cr2   Cr5   (  0,   0,   0)  7.7530   (-3.950,  0.000,  0.000)  3.950 
J_iso:  7.7530 
Orbital contributions:
 isotropic J:
 [[ 0.406 -0.     1.843 -0.73   0.   ]
 [-0.    -0.058 -0.     0.    -0.184]
 [ 1.902  0.     1.428 -0.051  0.   ]
 [-0.315 -0.     0.317  2.974 -0.   ]
 [-0.     0.134  0.    -0.     0.088]] 
----------------------------------------------------------------------------------------
   Cr5   Cr2   (  0,   0,   0)  7.7530   ( 3.950,  0.000,  0.000)  3.950 
J_iso:  7.7530 
Orbital contributions:
 isotropic J:
 [[ 0.406 -0.     1.902 -0.315 -0.   ]
 [-0.    -0.058  0.    -0.     0.134]
 [ 1.843 -0.     1.428  0.317  0.   ]
 [-0.73   0.    -0.051  2.974 -0.   ]
 [ 0.    -0.184  0.    -0.     0.088]] 
----------------------------------------------------------------------------------------
   Cr2   Cr5   (  1,   1,   0)  7.7501   ( 3.950,  0.000,  0.000)  3.950 
J_iso:  7.7501 
Orbital contributions:
 isotropic J:
 [[ 0.395 -0.     1.481 -0.325  0.   ]
 [-0.    -0.204 -0.     0.    -0.088]
 [ 2.557  0.     1.424  0.271  0.   ]
 [-0.959  0.     0.042  2.885  0.   ]
 [-0.     0.169 -0.    -0.     0.103]] 
----------------------------------------------------------------------------------------
   Cr4   Cr3   (  0,   1,   0)  3.6318   ( 3.950,  0.000,  0.000)  3.950 
J_iso:  3.6318 
Orbital contributions:
 isotropic J:
 [[ 0.543  0.001  1.067 -0.495  0.024]
 [-0.    -1.274 -0.03   0.163 -0.671]
 [ 1.403 -0.037  1.852  0.096  0.066]
 [-0.812  0.181 -0.229  2.183  0.018]
 [ 0.031 -0.615  0.068  0.013  0.085]] 
----------------------------------------------------------------------------------------
   Cr3   Cr4   (  1,   0,   0)  3.6304   ( 3.950,  0.000,  0.000)  3.950 
J_iso:  3.6304 
Orbital contributions:
 isotropic J:
 [[ 0.543  0.001  1.067 -0.494  0.024]
 [ 0.    -1.275 -0.03   0.164 -0.671]
 [ 1.403 -0.037  1.853  0.096  0.067]
 [-0.813  0.182 -0.229  2.181  0.018]
 [ 0.031 -0.616  0.068  0.013  0.085]] 
----------------------------------------------------------------------------------------
   Cr4   Cr2   ( -1,   0,   0)  3.6562   (-1.975,  3.421,  0.000)  3.950 
J_iso:  3.6562 
Orbital contributions:
 isotropic J:
 [[ 0.542  1.04   0.359 -0.025 -0.755]
 [ 0.815  0.75   0.428 -0.046 -0.014]
 [ 0.252  0.199 -0.881 -0.351 -0.168]
 [-0.284 -0.184 -0.133  0.071  0.39 ]
 [-0.185 -0.034  0.02   0.713  1.136]] 
----------------------------------------------------------------------------------------
   Cr5   Cr3   ( -1,   0,   0)  7.7585   (-1.975,  3.421,  0.000)  3.950 
J_iso:  7.7585 
Orbital contributions:
 isotropic J:
 [[ 0.395  1.905  0.634 -0.235 -0.712]
 [ 1.11   0.943  0.066  0.175 -0.1  ]
 [ 0.37   0.067  0.128 -0.032  0.176]
 [-0.08   0.008 -0.005  0.296  0.508]
 [-0.241  0.169  0.013  0.507  1.691]] 
----------------------------------------------------------------------------------------
   Cr3   Cr2   (  0,  -1,   0)  3.6566   (-1.975, -3.421,  0.000)  3.950 
J_iso:  3.6566 
Orbital contributions:
 isotropic J:
 [[ 0.542  1.04   0.36  -0.025 -0.755]
 [ 0.814  0.749  0.428 -0.046 -0.014]
 [ 0.252  0.199 -0.882 -0.351 -0.169]
 [-0.284 -0.184 -0.133  0.071  0.39 ]
 [-0.185 -0.034  0.021  0.713  1.137]] 
----------------------------------------------------------------------------------------
   Cr5   Cr4   (  0,  -1,   0)  7.7503   (-1.975, -3.421,  0.000)  3.950 
J_iso:  7.7503 
Orbital contributions:
 isotropic J:
 [[ 0.395  1.905  0.634 -0.236 -0.713]
 [ 1.109  0.942  0.066  0.175 -0.1  ]
 [ 0.37   0.067  0.128 -0.032  0.177]
 [-0.079  0.008 -0.005  0.296  0.508]
 [-0.242  0.169  0.013  0.506  1.688]] 
----------------------------------------------------------------------------------------
   Cr2   Cr3   (  0,   0,   0)  3.6550   (-1.975, -3.421,  0.000)  3.950 
J_iso:  3.6550 
Orbital contributions:
 isotropic J:
 [[ 0.542  1.059  0.34  -0.332 -0.447]
 [ 0.784  0.735  0.151 -0.129 -0.267]
 [ 0.281  0.377 -0.767 -0.304  0.117]
 [ 0.075 -0.095 -0.35   0.059  0.74 ]
 [-0.545  0.303 -0.186  0.408  1.104]] 
----------------------------------------------------------------------------------------
   Cr2   Cr4   (  0,   0,   0)  3.6573   (-1.975,  3.421,  0.000)  3.950 
J_iso:  3.6573 
Orbital contributions:
 isotropic J:
 [[ 0.542  1.059  0.34  -0.332 -0.447]
 [ 0.785  0.734  0.151 -0.128 -0.266]
 [ 0.281  0.377 -0.765 -0.305  0.117]
 [ 0.075 -0.095 -0.349  0.059  0.74 ]
 [-0.544  0.303 -0.186  0.408  1.103]] 
----------------------------------------------------------------------------------------
   Cr3   Cr2   (  0,   0,   0)  3.6550   ( 1.975,  3.421,  0.000)  3.950 
J_iso:  3.6550 
Orbital contributions:
 isotropic J:
 [[ 0.542  0.784  0.281  0.075 -0.545]
 [ 1.059  0.735  0.377 -0.095  0.303]
 [ 0.34   0.151 -0.767 -0.35  -0.186]
 [-0.332 -0.129 -0.304  0.059  0.408]
 [-0.447 -0.267  0.117  0.74   1.104]] 
----------------------------------------------------------------------------------------
   Cr3   Cr5   (  0,   0,   0)  7.7588   (-1.975,  3.421,  0.000)  3.950 
J_iso:  7.7588 
Orbital contributions:
 isotropic J:
 [[ 0.406  1.381  0.46  -0.18  -0.544]
 [ 1.418  0.96   0.091  0.01  -0.097]
 [ 0.472  0.093  0.216 -0.157  0.01 ]
 [-0.076  0.162  0.019  0.3    0.518]
 [-0.233  0.106  0.168  0.513  1.746]] 
----------------------------------------------------------------------------------------
   Cr4   Cr2   (  0,   0,   0)  3.6573   ( 1.975, -3.421,  0.000)  3.950 
J_iso:  3.6573 
Orbital contributions:
 isotropic J:
 [[ 0.542  0.785  0.281  0.075 -0.544]
 [ 1.059  0.734  0.377 -0.095  0.303]
 [ 0.34   0.151 -0.765 -0.349 -0.186]
 [-0.332 -0.128 -0.305  0.059  0.408]
 [-0.447 -0.266  0.117  0.74   1.103]] 
----------------------------------------------------------------------------------------
   Cr4   Cr5   (  0,   0,   0)  7.7528   (-1.975, -3.421,  0.000)  3.950 
J_iso:  7.7528 
Orbital contributions:
 isotropic J:
 [[ 0.406  1.38   0.459 -0.181 -0.546]
 [ 1.418  0.96   0.091  0.01  -0.097]
 [ 0.472  0.092  0.215 -0.157  0.01 ]
 [-0.077  0.162  0.019  0.3    0.516]
 [-0.234  0.106  0.167  0.513  1.746]] 
----------------------------------------------------------------------------------------
   Cr5   Cr3   (  0,   0,   0)  7.7588   ( 1.975, -3.421,  0.000)  3.950 
J_iso:  7.7588 
Orbital contributions:
 isotropic J:
 [[ 0.406  1.418  0.472 -0.076 -0.233]
 [ 1.381  0.96   0.093  0.162  0.106]
 [ 0.46   0.091  0.216  0.019  0.168]
 [-0.18   0.01  -0.157  0.3    0.513]
 [-0.544 -0.097  0.01   0.518  1.746]] 
----------------------------------------------------------------------------------------
   Cr5   Cr4   (  0,   0,   0)  7.7528   ( 1.975,  3.421,  0.000)  3.950 
J_iso:  7.7528 
Orbital contributions:
 isotropic J:
 [[ 0.406  1.418  0.472 -0.077 -0.234]
 [ 1.38   0.96   0.092  0.162  0.106]
 [ 0.459  0.091  0.215  0.019  0.167]
 [-0.181  0.01  -0.157  0.3    0.513]
 [-0.546 -0.097  0.01   0.516  1.746]] 
----------------------------------------------------------------------------------------
   Cr2   Cr3   (  0,   1,   0)  3.6566   ( 1.975,  3.421,  0.000)  3.950 
J_iso:  3.6566 
Orbital contributions:
 isotropic J:
 [[ 0.542  0.814  0.252 -0.284 -0.185]
 [ 1.04   0.749  0.199 -0.184 -0.034]
 [ 0.36   0.428 -0.882 -0.133  0.021]
 [-0.025 -0.046 -0.351  0.071  0.713]
 [-0.755 -0.014 -0.169  0.39   1.137]] 
----------------------------------------------------------------------------------------
   Cr4   Cr5   (  0,   1,   0)  7.7503   ( 1.975,  3.421,  0.000)  3.950 
J_iso:  7.7503 
Orbital contributions:
 isotropic J:
 [[ 0.395  1.109  0.37  -0.079 -0.242]
 [ 1.905  0.942  0.067  0.008  0.169]
 [ 0.634  0.066  0.128 -0.005  0.013]
 [-0.236  0.175 -0.032  0.296  0.506]
 [-0.713 -0.1    0.177  0.508  1.688]] 
----------------------------------------------------------------------------------------
   Cr2   Cr4   (  1,   0,   0)  3.6562   ( 1.975, -3.421,  0.000)  3.950 
J_iso:  3.6562 
Orbital contributions:
 isotropic J:
 [[ 0.542  0.815  0.252 -0.284 -0.185]
 [ 1.04   0.75   0.199 -0.184 -0.034]
 [ 0.359  0.428 -0.881 -0.133  0.02 ]
 [-0.025 -0.046 -0.351  0.071  0.713]
 [-0.755 -0.014 -0.168  0.39   1.136]] 
----------------------------------------------------------------------------------------
   Cr3   Cr5   (  1,   0,   0)  7.7585   ( 1.975, -3.421,  0.000)  3.950 
J_iso:  7.7585 
Orbital contributions:
 isotropic J:
 [[ 0.395  1.11   0.37  -0.08  -0.241]
 [ 1.905  0.943  0.067  0.008  0.169]
 [ 0.634  0.066  0.128 -0.005  0.013]
 [-0.235  0.175 -0.032  0.296  0.507]
 [-0.712 -0.1    0.176  0.508  1.691]] 
----------------------------------------------------------------------------------------
   Cr1   Cr2   ( -1,  -1,   0)  4.8880   (-3.950,  0.000, -3.100)  5.021 
J_iso:  4.8880 
Orbital contributions:
 isotropic J:
 [[-0.313  0.178 -0.609  0.5    0.094]
 [ 0.136 -1.056  0.427 -0.561  0.477]
 [ 0.011  0.887  0.628 -0.13   0.881]
 [-0.096  0.028 -0.024 -0.306 -0.012]
 [ 0.016  0.653  0.675 -0.09   2.492]] 
----------------------------------------------------------------------------------------
   Cr2   Cr1   (  0,   0,  -1)  4.8853   (-3.950,  0.000, -3.100)  5.021 
J_iso:  4.8853 
Orbital contributions:
 isotropic J:
 [[-0.303  0.104  0.02  -0.106  0.041]
 [ 0.198 -1.067  0.894 -0.028  0.886]
 [-0.382  0.47   0.559 -0.068  0.749]
 [ 0.263 -0.536 -0.053 -0.269 -0.224]
 [ 0.072  0.375  0.91   0.008  2.373]] 
----------------------------------------------------------------------------------------
   Cr1   Cr2   (  0,   0,   0)  4.8811   ( 3.950,  0.000, -3.100)  5.021 
J_iso:  4.8811 
Orbital contributions:
 isotropic J:
 [[-0.313  0.176 -0.609  0.5    0.093]
 [ 0.136 -1.056  0.426 -0.561  0.477]
 [ 0.011  0.887  0.628 -0.13   0.881]
 [-0.096  0.027 -0.024 -0.306 -0.012]
 [ 0.016  0.653  0.674 -0.09   2.493]] 
----------------------------------------------------------------------------------------
   Cr2   Cr1   (  0,   0,   0)  4.8811   (-3.950,  0.000,  3.100)  5.021 
J_iso:  4.8811 
Orbital contributions:
 isotropic J:
 [[-0.313  0.136  0.011 -0.096  0.016]
 [ 0.176 -1.056  0.887  0.027  0.653]
 [-0.609  0.426  0.628 -0.024  0.674]
 [ 0.5   -0.561 -0.13  -0.306 -0.09 ]
 [ 0.093  0.477  0.881 -0.012  2.493]] 
----------------------------------------------------------------------------------------
   Cr1   Cr2   (  0,   0,   1)  4.8853   ( 3.950,  0.000,  3.100)  5.021 
J_iso:  4.8853 
Orbital contributions:
 isotropic J:
 [[-0.303  0.198 -0.382  0.263  0.072]
 [ 0.104 -1.067  0.47  -0.536  0.375]
 [ 0.02   0.894  0.559 -0.053  0.91 ]
 [-0.106 -0.028 -0.068 -0.269  0.008]
 [ 0.041  0.886  0.749 -0.224  2.373]] 
----------------------------------------------------------------------------------------
   Cr2   Cr1   (  1,   1,   0)  4.8880   ( 3.950,  0.000,  3.100)  5.021 
J_iso:  4.8880 
Orbital contributions:
 isotropic J:
 [[-0.313  0.136  0.011 -0.096  0.016]
 [ 0.178 -1.056  0.887  0.028  0.653]
 [-0.609  0.427  0.628 -0.024  0.675]
 [ 0.5   -0.561 -0.13  -0.306 -0.09 ]
 [ 0.094  0.477  0.881 -0.012  2.492]] 
----------------------------------------------------------------------------------------
   Cr1   Cr2   ( -1,  -1,   1)  4.8826   (-3.950,  0.000,  3.100)  5.021 
J_iso:  4.8826 
Orbital contributions:
 isotropic J:
 [[-0.313  0.176 -0.609  0.5    0.094]
 [ 0.136 -1.055  0.426 -0.56   0.477]
 [ 0.011  0.886  0.628 -0.129  0.88 ]
 [-0.096  0.029 -0.024 -0.306 -0.012]
 [ 0.016  0.653  0.675 -0.09   2.492]] 
----------------------------------------------------------------------------------------
   Cr2   Cr1   (  1,   1,  -1)  4.8826   ( 3.950,  0.000, -3.100)  5.021 
J_iso:  4.8826 
Orbital contributions:
 isotropic J:
 [[-0.313  0.136  0.011 -0.096  0.016]
 [ 0.176 -1.055  0.886  0.029  0.653]
 [-0.609  0.426  0.628 -0.024  0.675]
 [ 0.5   -0.56  -0.129 -0.306 -0.09 ]
 [ 0.094  0.477  0.88  -0.012  2.492]] 
----------------------------------------------------------------------------------------
   Cr1   Cr3   ( -1,   0,   0)  4.8804   (-1.975,  3.421, -3.100)  5.021 
J_iso:  4.8804 
Orbital contributions:
 isotropic J:
 [[-0.314 -0.31  -0.125  0.37   0.224]
 [-0.034  0.01   1.389  0.734 -0.079]
 [ 0.179  0.142 -0.663  0.08  -0.071]
 [ 0.049  0.02   1.68   1.47   0.334]
 [-0.129  0.029 -0.395  0.433 -0.141]] 
----------------------------------------------------------------------------------------
   Cr1   Cr4   (  0,  -1,   0)  4.8791   (-1.975, -3.421, -3.100)  5.021 
J_iso:  4.8791 
Orbital contributions:
 isotropic J:
 [[-0.313 -0.513  0.082  0.023  0.571]
 [ 0.116  0.287  0.266  0.045  0.382]
 [ 0.029  1.051 -0.726  0.832 -0.592]
 [-0.073  0.451 -0.157  1.357  0.299]
 [-0.007  0.814  0.22   0.275  0.162]] 
----------------------------------------------------------------------------------------
   Cr3   Cr1   (  0,   0,  -1)  4.8784   (-1.975,  3.421, -3.100)  5.021 
J_iso:  4.8784 
Orbital contributions:
 isotropic J:
 [[-0.304 -0.054  0.176  0.044 -0.109]
 [-0.21  -0.005  0.159  0.044  0.118]
 [ 0.023  1.297 -0.604  1.837 -0.458]
 [ 0.224  0.847 -0.044  1.404  0.452]
 [ 0.111 -0.035 -0.076  0.277 -0.235]] 
----------------------------------------------------------------------------------------
   Cr4   Cr1   (  0,   0,  -1)  4.8809   (-1.975, -3.421, -3.100)  5.021 
J_iso:  4.8809 
Orbital contributions:
 isotropic J:
 [[-0.303  0.134 -0.012 -0.036 -0.031]
 [-0.261  0.327  0.966  0.461  0.827]
 [ 0.079  0.255 -0.704  0.063  0.188]
 [ 0.018  0.055  0.776  1.18   0.299]
 [ 0.317  0.337 -0.472  0.248  0.168]] 
----------------------------------------------------------------------------------------
   Cr1   Cr3   (  0,   0,   0)  4.8820   ( 1.975, -3.421, -3.100)  5.021 
J_iso:  4.8820 
Orbital contributions:
 isotropic J:
 [[-0.313 -0.514  0.082  0.023  0.571]
 [ 0.117  0.287  0.265  0.045  0.382]
 [ 0.029  1.052 -0.726  0.832 -0.592]
 [-0.073  0.452 -0.158  1.357  0.299]
 [-0.008  0.815  0.22   0.275  0.162]] 
----------------------------------------------------------------------------------------
   Cr1   Cr4   (  0,   0,   0)  4.8772   ( 1.975,  3.421, -3.100)  5.021 
J_iso:  4.8772 
Orbital contributions:
 isotropic J:
 [[-0.314 -0.311 -0.125  0.369  0.224]
 [-0.034  0.01   1.388  0.734 -0.08 ]
 [ 0.179  0.142 -0.664  0.08  -0.071]
 [ 0.049  0.019  1.68   1.469  0.334]
 [-0.129  0.029 -0.395  0.433 -0.141]] 
----------------------------------------------------------------------------------------
   Cr3   Cr1   (  0,   0,   0)  4.8820   (-1.975,  3.421,  3.100)  5.021 
J_iso:  4.8820 
Orbital contributions:
 isotropic J:
 [[-0.313  0.117  0.029 -0.073 -0.008]
 [-0.514  0.287  1.052  0.452  0.815]
 [ 0.082  0.265 -0.726 -0.158  0.22 ]
 [ 0.023  0.045  0.832  1.357  0.275]
 [ 0.571  0.382 -0.592  0.299  0.162]] 
----------------------------------------------------------------------------------------
   Cr4   Cr1   (  0,   0,   0)  4.8772   (-1.975, -3.421,  3.100)  5.021 
J_iso:  4.8772 
Orbital contributions:
 isotropic J:
 [[-0.314 -0.034  0.179  0.049 -0.129]
 [-0.311  0.01   0.142  0.019  0.029]
 [-0.125  1.388 -0.664  1.68  -0.395]
 [ 0.369  0.734  0.08   1.469  0.433]
 [ 0.224 -0.08  -0.071  0.334 -0.141]] 
----------------------------------------------------------------------------------------
   Cr1   Cr3   (  0,   0,   1)  4.8784   ( 1.975, -3.421,  3.100)  5.021 
J_iso:  4.8784 
Orbital contributions:
 isotropic J:
 [[-0.304 -0.21   0.023  0.224  0.111]
 [-0.054 -0.005  1.297  0.847 -0.035]
 [ 0.176  0.159 -0.604 -0.044 -0.076]
 [ 0.044  0.044  1.837  1.404  0.277]
 [-0.109  0.118 -0.458  0.452 -0.235]] 
----------------------------------------------------------------------------------------
   Cr1   Cr4   (  0,   0,   1)  4.8809   ( 1.975,  3.421,  3.100)  5.021 
J_iso:  4.8809 
Orbital contributions:
 isotropic J:
 [[-0.303 -0.261  0.079  0.018  0.317]
 [ 0.134  0.327  0.255  0.055  0.337]
 [-0.012  0.966 -0.704  0.776 -0.472]
 [-0.036  0.461  0.063  1.18   0.248]
 [-0.031  0.827  0.188  0.299  0.168]] 
----------------------------------------------------------------------------------------
   Cr4   Cr1   (  0,   1,   0)  4.8791   ( 1.975,  3.421,  3.100)  5.021 
J_iso:  4.8791 
Orbital contributions:
 isotropic J:
 [[-0.313  0.116  0.029 -0.073 -0.007]
 [-0.513  0.287  1.051  0.451  0.814]
 [ 0.082  0.266 -0.726 -0.157  0.22 ]
 [ 0.023  0.045  0.832  1.357  0.275]
 [ 0.571  0.382 -0.592  0.299  0.162]] 
----------------------------------------------------------------------------------------
   Cr3   Cr1   (  1,   0,   0)  4.8804   ( 1.975, -3.421,  3.100)  5.021 
J_iso:  4.8804 
Orbital contributions:
 isotropic J:
 [[-0.314 -0.034  0.179  0.049 -0.129]
 [-0.31   0.01   0.142  0.02   0.029]
 [-0.125  1.389 -0.663  1.68  -0.395]
 [ 0.37   0.734  0.08   1.47   0.433]
 [ 0.224 -0.079 -0.071  0.334 -0.141]] 
----------------------------------------------------------------------------------------
   Cr1   Cr3   ( -1,   0,   1)  4.8802   (-1.975,  3.421,  3.100)  5.021 
J_iso:  4.8802 
Orbital contributions:
 isotropic J:
 [[-0.313 -0.514  0.081  0.023  0.571]
 [ 0.117  0.288  0.266  0.045  0.382]
 [ 0.029  1.051 -0.727  0.832 -0.592]
 [-0.073  0.452 -0.157  1.357  0.299]
 [-0.007  0.815  0.22   0.275  0.162]] 
----------------------------------------------------------------------------------------
   Cr1   Cr4   (  0,  -1,   1)  4.8800   (-1.975, -3.421,  3.100)  5.021 
J_iso:  4.8800 
Orbital contributions:
 isotropic J:
 [[-0.314 -0.31  -0.125  0.37   0.224]
 [-0.034  0.01   1.388  0.735 -0.079]
 [ 0.179  0.142 -0.663  0.079 -0.071]
 [ 0.049  0.019  1.68   1.47   0.334]
 [-0.129  0.029 -0.395  0.434 -0.141]] 
----------------------------------------------------------------------------------------
   Cr4   Cr1   (  0,   1,  -1)  4.8800   ( 1.975,  3.421, -3.100)  5.021 
J_iso:  4.8800 
Orbital contributions:
 isotropic J:
 [[-0.314 -0.034  0.179  0.049 -0.129]
 [-0.31   0.01   0.142  0.019  0.029]
 [-0.125  1.388 -0.663  1.68  -0.395]
 [ 0.37   0.735  0.079  1.47   0.434]
 [ 0.224 -0.079 -0.071  0.334 -0.141]] 
----------------------------------------------------------------------------------------
   Cr3   Cr1   (  1,   0,  -1)  4.8802   ( 1.975, -3.421, -3.100)  5.021 
J_iso:  4.8802 
Orbital contributions:
 isotropic J:
 [[-0.313  0.117  0.029 -0.073 -0.007]
 [-0.514  0.288  1.051  0.452  0.815]
 [ 0.081  0.266 -0.727 -0.157  0.22 ]
 [ 0.023  0.045  0.832  1.357  0.275]
 [ 0.571  0.382 -0.592  0.299  0.162]] 
----------------------------------------------------------------------------------------
   Cr1   Cr1   (  0,   0,  -1)  0.9344   ( 0.000,  0.000, -6.200)  6.200 
J_iso:  0.9344 
Orbital contributions:
 isotropic J:
 [[ 0.789  0.    -0.    -0.    -0.   ]
 [ 0.    -0.267 -0.    -0.     0.158]
 [-0.    -0.    -0.269  0.159  0.   ]
 [-0.    -0.     0.126  0.058 -0.   ]
 [-0.     0.125  0.     0.     0.056]] 
----------------------------------------------------------------------------------------
   Cr2   Cr2   (  0,   0,  -1)  0.4407   ( 0.000,  0.000, -6.200)  6.200 
J_iso:  0.4407 
Orbital contributions:
 isotropic J:
 [[ 0.301 -0.    -0.002 -0.002 -0.   ]
 [-0.     0.167  0.    -0.     0.032]
 [-0.004  0.     0.161 -0.127  0.   ]
 [-0.002 -0.    -0.138 -0.    -0.   ]
 [-0.     0.015 -0.     0.     0.039]] 
----------------------------------------------------------------------------------------
   Cr3   Cr3   (  0,   0,  -1)  0.4413   ( 0.000,  0.000, -6.200)  6.200 
J_iso:  0.4413 
Orbital contributions:
 isotropic J:
 [[ 0.301 -0.001 -0.    -0.    -0.001]
 [-0.003  0.158  0.005 -0.012 -0.075]
 [-0.001  0.005  0.161  0.004 -0.012]
 [-0.    -0.014 -0.01   0.04  -0.011]
 [-0.001 -0.086 -0.014 -0.011  0.02 ]] 
----------------------------------------------------------------------------------------
   Cr4   Cr4   (  0,   0,  -1)  0.4406   ( 0.000,  0.000, -6.200)  6.200 
J_iso:  0.4406 
Orbital contributions:
 isotropic J:
 [[ 0.301 -0.001 -0.    -0.    -0.001]
 [-0.003  0.158  0.005 -0.012 -0.075]
 [-0.001  0.005  0.16   0.004 -0.012]
 [-0.    -0.014 -0.01   0.04  -0.011]
 [-0.001 -0.086 -0.014 -0.011  0.02 ]] 
----------------------------------------------------------------------------------------
   Cr5   Cr5   (  0,   0,  -1)  1.3925   ( 0.000,  0.000, -6.200)  6.200 
J_iso:  1.3925 
Orbital contributions:
 isotropic J:
 [[ 0.977  0.    -0.    -0.     0.   ]
 [-0.     0.103 -0.    -0.    -0.002]
 [-0.     0.     0.104 -0.002  0.   ]
 [ 0.    -0.    -0.042  0.149  0.   ]
 [ 0.    -0.042 -0.     0.     0.149]] 
----------------------------------------------------------------------------------------
   Cr2   Cr2   (  0,   0,   1)  0.4407   ( 0.000,  0.000,  6.200)  6.200 
J_iso:  0.4407 
Orbital contributions:
 isotropic J:
 [[ 0.301 -0.    -0.004 -0.002 -0.   ]
 [-0.     0.167  0.    -0.     0.015]
 [-0.002  0.     0.161 -0.138 -0.   ]
 [-0.002 -0.    -0.127 -0.     0.   ]
 [-0.     0.032  0.    -0.     0.039]] 
----------------------------------------------------------------------------------------
   Cr3   Cr3   (  0,   0,   1)  0.4413   ( 0.000,  0.000,  6.200)  6.200 
J_iso:  0.4413 
Orbital contributions:
 isotropic J:
 [[ 0.301 -0.003 -0.001 -0.    -0.001]
 [-0.001  0.158  0.005 -0.014 -0.086]
 [-0.     0.005  0.161 -0.01  -0.014]
 [-0.    -0.012  0.004  0.04  -0.011]
 [-0.001 -0.075 -0.012 -0.011  0.02 ]] 
----------------------------------------------------------------------------------------
   Cr4   Cr4   (  0,   0,   1)  0.4406   ( 0.000,  0.000,  6.200)  6.200 
J_iso:  0.4406 
Orbital contributions:
 isotropic J:
 [[ 0.301 -0.003 -0.001 -0.    -0.001]
 [-0.001  0.158  0.005 -0.014 -0.086]
 [-0.     0.005  0.16  -0.01  -0.014]
 [-0.    -0.012  0.004  0.04  -0.011]
 [-0.001 -0.075 -0.012 -0.011  0.02 ]] 
----------------------------------------------------------------------------------------
   Cr5   Cr5   (  0,   0,   1)  1.3925   ( 0.000,  0.000,  6.200)  6.200 
J_iso:  1.3925 
Orbital contributions:
 isotropic J:
 [[ 0.977 -0.    -0.     0.     0.   ]
 [ 0.     0.103  0.    -0.    -0.042]
 [-0.    -0.     0.104 -0.042 -0.   ]
 [-0.    -0.    -0.002  0.149  0.   ]
 [ 0.    -0.002  0.     0.     0.149]] 
----------------------------------------------------------------------------------------
   Cr1   Cr1   (  0,   0,   1)  0.9344   ( 0.000,  0.000,  6.200)  6.200 
J_iso:  0.9344 
Orbital contributions:
 isotropic J:
 [[ 0.789  0.    -0.    -0.    -0.   ]
 [ 0.    -0.267 -0.    -0.     0.125]
 [-0.    -0.    -0.269  0.126  0.   ]
 [-0.    -0.     0.159  0.058  0.   ]
 [-0.     0.158  0.    -0.     0.056]] 
----------------------------------------------------------------------------------------
   Cr3   Cr2   ( -1,  -1,   0)  0.6818   (-5.925,  3.421,  0.000)  6.842 
J_iso:  0.6818 
Orbital contributions:
 isotropic J:
 [[-0.026 -0.019  0.015 -0.016  0.031]
 [ 0.009  0.124  0.079  0.138  0.011]
 [-0.009  0.116 -0.039 -0.045  0.066]
 [ 0.018 -0.003 -0.021  0.053  0.006]
 [-0.009  0.091  0.05  -0.017  0.077]] 
----------------------------------------------------------------------------------------
   Cr4   Cr2   ( -1,  -1,   0)  0.6809   (-5.925, -3.421,  0.000)  6.842 
J_iso:  0.6809 
Orbital contributions:
 isotropic J:
 [[-0.027 -0.019  0.015 -0.016  0.031]
 [ 0.009  0.125  0.08   0.138  0.011]
 [-0.009  0.116 -0.039 -0.045  0.066]
 [ 0.018 -0.003 -0.021  0.053  0.006]
 [-0.009  0.091  0.05  -0.017  0.077]] 
----------------------------------------------------------------------------------------
   Cr5   Cr3   ( -1,  -1,   0)  0.5555   (-5.925, -3.421,  0.000)  6.842 
J_iso:  0.5555 
Orbital contributions:
 isotropic J:
 [[-0.015 -0.015 -0.005  0.023  0.069]
 [-0.003 -0.033  0.058  0.016  0.018]
 [-0.001  0.058 -0.027 -0.013  0.016]
 [ 0.007  0.172  0.098 -0.036 -0.024]
 [ 0.021 -0.047  0.172 -0.025  0.071]] 
----------------------------------------------------------------------------------------
   Cr5   Cr4   ( -1,  -1,   0)  0.5564   (-5.925,  3.421,  0.000)  6.842 
J_iso:  0.5564 
Orbital contributions:
 isotropic J:
 [[-0.014 -0.015 -0.006  0.023  0.069]
 [-0.003 -0.033  0.058  0.016  0.018]
 [-0.001  0.058 -0.027 -0.013  0.016]
 [ 0.007  0.172  0.098 -0.036 -0.024]
 [ 0.021 -0.046  0.172 -0.025  0.071]] 
----------------------------------------------------------------------------------------
   Cr2   Cr3   ( -1,   0,   0)  0.6814   (-5.925,  3.421,  0.000)  6.842 
J_iso:  0.6814 
Orbital contributions:
 isotropic J:
 [[-0.026  0.009 -0.012  0.022 -0.007]
 [-0.013  0.078  0.139 -0.026  0.162]
 [ 0.013  0.099 -0.035 -0.004  0.039]
 [-0.012  0.136 -0.084  0.062 -0.018]
 [ 0.022 -0.021  0.085 -0.004  0.08 ]] 
----------------------------------------------------------------------------------------
   Cr4   Cr5   ( -1,   0,   0)  0.5569   (-5.925,  3.421,  0.000)  6.842 
J_iso:  0.5569 
Orbital contributions:
 isotropic J:
 [[-0.016 -0.009 -0.003  0.009  0.028]
 [ 0.006 -0.027  0.026  0.19  -0.014]
 [ 0.002  0.027 -0.041  0.09   0.189]
 [ 0.016  0.024 -0.014 -0.011 -0.019]
 [ 0.049 -0.006  0.024 -0.019  0.057]] 
----------------------------------------------------------------------------------------
   Cr2   Cr4   (  0,  -1,   0)  0.6810   (-5.925, -3.421,  0.000)  6.842 
J_iso:  0.6810 
Orbital contributions:
 isotropic J:
 [[-0.027  0.009 -0.012  0.022 -0.007]
 [-0.013  0.078  0.139 -0.026  0.162]
 [ 0.013  0.099 -0.035 -0.004  0.039]
 [-0.012  0.136 -0.084  0.062 -0.019]
 [ 0.022 -0.021  0.085 -0.004  0.08 ]] 
----------------------------------------------------------------------------------------
   Cr3   Cr5   (  0,  -1,   0)  0.5556   (-5.925, -3.421,  0.000)  6.842 
J_iso:  0.5556 
Orbital contributions:
 isotropic J:
 [[-0.016 -0.009 -0.003  0.009  0.028]
 [ 0.006 -0.027  0.027  0.19  -0.014]
 [ 0.002  0.027 -0.041  0.089  0.189]
 [ 0.016  0.024 -0.014 -0.011 -0.019]
 [ 0.049 -0.007  0.024 -0.019  0.057]] 
----------------------------------------------------------------------------------------
   Cr4   Cr2   (  0,   1,   0)  0.6810   ( 5.925,  3.421,  0.000)  6.842 
J_iso:  0.6810 
Orbital contributions:
 isotropic J:
 [[-0.027 -0.013  0.013 -0.012  0.022]
 [ 0.009  0.078  0.099  0.136 -0.021]
 [-0.012  0.139 -0.035 -0.084  0.085]
 [ 0.022 -0.026 -0.004  0.062 -0.004]
 [-0.007  0.162  0.039 -0.019  0.08 ]] 
----------------------------------------------------------------------------------------
   Cr5   Cr3   (  0,   1,   0)  0.5556   ( 5.925,  3.421,  0.000)  6.842 
J_iso:  0.5556 
Orbital contributions:
 isotropic J:
 [[-0.016  0.006  0.002  0.016  0.049]
 [-0.009 -0.027  0.027  0.024 -0.007]
 [-0.003  0.027 -0.041 -0.014  0.024]
 [ 0.009  0.19   0.089 -0.011 -0.019]
 [ 0.028 -0.014  0.189 -0.019  0.057]] 
----------------------------------------------------------------------------------------
   Cr3   Cr2   (  1,   0,   0)  0.6814   ( 5.925, -3.421,  0.000)  6.842 
J_iso:  0.6814 
Orbital contributions:
 isotropic J:
 [[-0.026 -0.013  0.013 -0.012  0.022]
 [ 0.009  0.078  0.099  0.136 -0.021]
 [-0.012  0.139 -0.035 -0.084  0.085]
 [ 0.022 -0.026 -0.004  0.062 -0.004]
 [-0.007  0.162  0.039 -0.018  0.08 ]] 
----------------------------------------------------------------------------------------
   Cr5   Cr4   (  1,   0,   0)  0.5569   ( 5.925, -3.421,  0.000)  6.842 
J_iso:  0.5569 
Orbital contributions:
 isotropic J:
 [[-0.016  0.006  0.002  0.016  0.049]
 [-0.009 -0.027  0.027  0.024 -0.006]
 [-0.003  0.026 -0.041 -0.014  0.024]
 [ 0.009  0.19   0.09  -0.011 -0.019]
 [ 0.028 -0.014  0.189 -0.019  0.057]] 
----------------------------------------------------------------------------------------
   Cr3   Cr5   (  1,   1,   0)  0.5555   ( 5.925,  3.421,  0.000)  6.842 
J_iso:  0.5555 
Orbital contributions:
 isotropic J:
 [[-0.015 -0.003 -0.001  0.007  0.021]
 [-0.015 -0.033  0.058  0.172 -0.047]
 [-0.005  0.058 -0.027  0.098  0.172]
 [ 0.023  0.016 -0.013 -0.036 -0.025]
 [ 0.069  0.018  0.016 -0.024  0.071]] 
----------------------------------------------------------------------------------------
   Cr4   Cr5   (  1,   1,   0)  0.5564   ( 5.925, -3.421,  0.000)  6.842 
J_iso:  0.5564 
Orbital contributions:
 isotropic J:
 [[-0.014 -0.003 -0.001  0.007  0.021]
 [-0.015 -0.033  0.058  0.172 -0.046]
 [-0.006  0.058 -0.027  0.098  0.172]
 [ 0.023  0.016 -0.013 -0.036 -0.025]
 [ 0.069  0.018  0.016 -0.024  0.071]] 
----------------------------------------------------------------------------------------
   Cr2   Cr3   (  1,   1,   0)  0.6818   ( 5.925, -3.421,  0.000)  6.842 
J_iso:  0.6818 
Orbital contributions:
 isotropic J:
 [[-0.026  0.009 -0.009  0.018 -0.009]
 [-0.019  0.124  0.116 -0.003  0.091]
 [ 0.015  0.079 -0.039 -0.021  0.05 ]
 [-0.016  0.138 -0.045  0.053 -0.017]
 [ 0.031  0.011  0.066  0.006  0.077]] 
----------------------------------------------------------------------------------------
   Cr2   Cr4   (  1,   1,   0)  0.6809   ( 5.925,  3.421,  0.000)  6.842 
J_iso:  0.6809 
Orbital contributions:
 isotropic J:
 [[-0.027  0.009 -0.009  0.018 -0.009]
 [-0.019  0.125  0.116 -0.003  0.091]
 [ 0.015  0.08  -0.039 -0.021  0.05 ]
 [-0.016  0.138 -0.045  0.053 -0.017]
 [ 0.031  0.011  0.066  0.006  0.077]] 
----------------------------------------------------------------------------------------
   Cr3   Cr4   (  1,  -1,   0)  0.6801   ( 0.000, -6.842,  0.000)  6.842 
J_iso:  0.6801 
Orbital contributions:
 isotropic J:
 [[-0.027  0.005 -0.009  0.017 -0.002]
 [ 0.004  0.003 -0.002  0.025 -0.055]
 [-0.004  0.002  0.277  0.167  0.032]
 [ 0.009  0.026  0.119  0.07   0.007]
 [ 0.001 -0.055  0.025  0.016  0.029]] 
----------------------------------------------------------------------------------------
   Cr4   Cr3   ( -1,   1,   0)  0.6801   ( 0.000,  6.842,  0.000)  6.842 
J_iso:  0.6801 
Orbital contributions:
 isotropic J:
 [[-0.027  0.004 -0.004  0.009  0.001]
 [ 0.005  0.003  0.002  0.026 -0.055]
 [-0.009 -0.002  0.277  0.119  0.025]
 [ 0.017  0.025  0.167  0.07   0.016]
 [-0.002 -0.055  0.032  0.007  0.029]] 
----------------------------------------------------------------------------------------
   Cr5   Cr2   ( -1,   0,   0)  0.5609   ( 0.000,  6.842,  0.000)  6.842 
J_iso:  0.5609 
Orbital contributions:
 isotropic J:
 [[-0.014  0.    -0.02   0.092  0.   ]
 [ 0.     0.034  0.    -0.    -0.012]
 [-0.005  0.     0.022  0.05   0.   ]
 [ 0.028 -0.     0.054  0.1    0.   ]
 [-0.     0.345  0.    -0.    -0.114]] 
----------------------------------------------------------------------------------------
   Cr5   Cr2   (  0,  -1,   0)  0.5602   ( 0.000, -6.842,  0.000)  6.842 
J_iso:  0.5602 
Orbital contributions:
 isotropic J:
 [[-0.014  0.    -0.02   0.092  0.   ]
 [ 0.     0.034  0.     0.    -0.012]
 [-0.005 -0.     0.022  0.05  -0.   ]
 [ 0.028 -0.     0.054  0.099 -0.   ]
 [-0.     0.345  0.    -0.    -0.114]] 
----------------------------------------------------------------------------------------
   Cr3   Cr4   (  0,   0,   0)  0.6798   ( 0.000,  6.842,  0.000)  6.842 
J_iso:  0.6798 
Orbital contributions:
 isotropic J:
 [[-0.027  0.005 -0.009  0.017 -0.002]
 [ 0.004  0.003 -0.002  0.025 -0.055]
 [-0.004  0.002  0.277  0.167  0.032]
 [ 0.009  0.026  0.119  0.07   0.007]
 [ 0.001 -0.055  0.025  0.016  0.029]] 
----------------------------------------------------------------------------------------
   Cr4   Cr3   (  0,   0,   0)  0.6798   ( 0.000, -6.842,  0.000)  6.842 
J_iso:  0.6798 
Orbital contributions:
 isotropic J:
 [[-0.027  0.004 -0.004  0.009  0.001]
 [ 0.005  0.003  0.002  0.026 -0.055]
 [-0.009 -0.002  0.277  0.119  0.025]
 [ 0.017  0.025  0.167  0.07   0.016]
 [-0.002 -0.055  0.032  0.007  0.029]] 
----------------------------------------------------------------------------------------
   Cr2   Cr5   (  0,   1,   0)  0.5602   ( 0.000,  6.842,  0.000)  6.842 
J_iso:  0.5602 
Orbital contributions:
 isotropic J:
 [[-0.014  0.    -0.005  0.028 -0.   ]
 [ 0.     0.034 -0.    -0.     0.345]
 [-0.02   0.     0.022  0.054  0.   ]
 [ 0.092  0.     0.05   0.099 -0.   ]
 [ 0.    -0.012 -0.    -0.    -0.114]] 
----------------------------------------------------------------------------------------
   Cr2   Cr5   (  1,   0,   0)  0.5609   ( 0.000, -6.842,  0.000)  6.842 
J_iso:  0.5609 
Orbital contributions:
 isotropic J:
 [[-0.014  0.    -0.005  0.028 -0.   ]
 [ 0.     0.034  0.    -0.     0.345]
 [-0.02   0.     0.022  0.054  0.   ]
 [ 0.092 -0.     0.05   0.1   -0.   ]
 [ 0.    -0.012  0.     0.    -0.114]] 
----------------------------------------------------------------------------------------
   Cr2   Cr5   (  0,   0,  -1) -0.1626   (-3.950,  0.000, -6.200)  7.351 
J_iso: -0.1626 
Orbital contributions:
 isotropic J:
 [[ 0.04  -0.017  0.041  0.007  0.123]
 [-0.059 -0.187 -0.068  0.007 -0.051]
 [ 0.018 -0.017  0.011 -0.017  0.06 ]
 [ 0.018 -0.136 -0.018  0.002 -0.017]
 [ 0.057 -0.026  0.017 -0.021  0.068]] 
----------------------------------------------------------------------------------------
   Cr5   Cr2   (  0,   0,  -1) -0.1610   ( 3.950,  0.000, -6.200)  7.351 
J_iso: -0.1610 
Orbital contributions:
 isotropic J:
 [[ 0.04  -0.05   0.018  0.018  0.048]
 [-0.017 -0.2    0.052 -0.185 -0.003]
 [ 0.041 -0.09   0.014 -0.015  0.021]
 [ 0.006  0.012 -0.007 -0.012 -0.007]
 [ 0.116 -0.066  0.074 -0.042  0.075]] 
----------------------------------------------------------------------------------------
   Cr2   Cr5   (  0,   0,   1) -0.1610   (-3.950,  0.000,  6.200)  7.351 
J_iso: -0.1610 
Orbital contributions:
 isotropic J:
 [[ 0.04  -0.017  0.041  0.006  0.116]
 [-0.05  -0.2   -0.09   0.012 -0.066]
 [ 0.018  0.052  0.014 -0.007  0.074]
 [ 0.018 -0.185 -0.015 -0.012 -0.042]
 [ 0.048 -0.003  0.021 -0.007  0.075]] 
----------------------------------------------------------------------------------------
   Cr5   Cr2   (  0,   0,   1) -0.1626   ( 3.950,  0.000,  6.200)  7.351 
J_iso: -0.1626 
Orbital contributions:
 isotropic J:
 [[ 0.04  -0.059  0.018  0.018  0.057]
 [-0.017 -0.187 -0.017 -0.136 -0.026]
 [ 0.041 -0.068  0.011 -0.018  0.017]
 [ 0.007  0.007 -0.017  0.002 -0.021]
 [ 0.123 -0.051  0.06  -0.017  0.068]] 
----------------------------------------------------------------------------------------
   Cr5   Cr2   ( -1,  -1,   1) -0.1618   (-3.950,  0.000,  6.200)  7.351 
J_iso: -0.1618 
Orbital contributions:
 isotropic J:
 [[ 0.04  -0.05   0.018  0.018  0.048]
 [-0.017 -0.2    0.052 -0.186 -0.003]
 [ 0.041 -0.09   0.014 -0.015  0.021]
 [ 0.006  0.012 -0.007 -0.012 -0.007]
 [ 0.116 -0.067  0.074 -0.042  0.075]] 
----------------------------------------------------------------------------------------
