<?xml version="1.0" ?>
<System_definition>
	<unit_cell units="bohrradius">6.99445e+00	-0.00000e+00	-0.00000e+00	
-3.49722e+00	6.05737e+00	1.88973e-16	
3.77945e-16	-5.66918e-16	2.78861e+01</unit_cell>
	<atom mass="5.19961e+01" massunits="atomicmassunit" damping_factor="1.00000" gyroratio="1.00000e+00" index_spin="1">
		<position units="bohrradius">1.53612e-16	-2.30418e-16	1.13340e+01</position>
		<spinat>-2.93431e-02	1.03282e-02	-6.53298e-01</spinat>
	</atom>
	<atom mass="1.27600e+02" massunits="atomicmassunit" damping_factor="1.00000" gyroratio="1.00000e+00" index_spin="0">
		<position units="bohrradius">2.48971e-14	4.03825e+00	8.08710e+00</position>
		<spinat>-2.62792e-01	-2.11130e-03	-8.07286e-02</spinat>
	</atom>
	<atom mass="1.27600e+02" massunits="atomicmassunit" damping_factor="1.00000" gyroratio="1.00000e+00" index_spin="0">
		<position units="bohrradius">3.49722e+00	2.01912e+00	1.45810e+01</position>
		<spinat>2.75979e-01	-2.83527e-03	-8.24210e-02</spinat>
	</atom>
	<spin_exchange_list units="eV">
		<nterms>48</nterms>
		<spin_exchange_term>
			<ijR>1 1 -3 -3 0</ijR>
			<data>7.02661e-06 	 7.02661e-06 	 7.02661e-06</data>
		</spin_exchange_term>
		<spin_exchange_term>
			<ijR>1 1 -3 -2 0</ijR>
			<data>-1.84628e-05 	 -1.84628e-05 	 -1.84628e-05</data>
		</spin_exchange_term>
		<spin_exchange_term>
			<ijR>1 1 -3 -1 0</ijR>
			<data>-1.81330e-05 	 -1.81330e-05 	 -1.81330e-05</data>
		</spin_exchange_term>
		<spin_exchange_term>
			<ijR>1 1 -3 0 0</ijR>
			<data>-5.18591e-06 	 -5.18591e-06 	 -5.18591e-06</data>
		</spin_exchange_term>
		<spin_exchange_term>
			<ijR>1 1 -3 1 0</ijR>
			<data>6.16404e-05 	 6.16404e-05 	 6.16404e-05</data>
		</spin_exchange_term>
		<spin_exchange_term>
			<ijR>1 1 -3 2 0</ijR>
			<data>-6.72999e-06 	 -6.72999e-06 	 -6.72999e-06</data>
		</spin_exchange_term>
		<spin_exchange_term>
			<ijR>1 1 -3 3 0</ijR>
			<data>-5.66451e-06 	 -5.66451e-06 	 -5.66451e-06</data>
		</spin_exchange_term>
		<spin_exchange_term>
			<ijR>1 1 -2 -3 0</ijR>
			<data>5.22754e-05 	 5.22754e-05 	 5.22754e-05</data>
		</spin_exchange_term>
		<spin_exchange_term>
			<ijR>1 1 -2 -2 0</ijR>
			<data>-1.29666e-05 	 -1.29666e-05 	 -1.29666e-05</data>
		</spin_exchange_term>
		<spin_exchange_term>
			<ijR>1 1 -2 -1 0</ijR>
			<data>6.15461e-05 	 6.15461e-05 	 6.15461e-05</data>
		</spin_exchange_term>
		<spin_exchange_term>
			<ijR>1 1 -2 0 0</ijR>
			<data>-5.94753e-05 	 -5.94753e-05 	 -5.94753e-05</data>
		</spin_exchange_term>
		<spin_exchange_term>
			<ijR>1 1 -2 1 0</ijR>
			<data>4.39640e-07 	 4.39640e-07 	 4.39640e-07</data>
		</spin_exchange_term>
		<spin_exchange_term>
			<ijR>1 1 -2 2 0</ijR>
			<data>-3.43029e-05 	 -3.43029e-05 	 -3.43029e-05</data>
		</spin_exchange_term>
		<spin_exchange_term>
			<ijR>1 1 -2 3 0</ijR>
			<data>-3.18105e-05 	 -3.18105e-05 	 -3.18105e-05</data>
		</spin_exchange_term>
		<spin_exchange_term>
			<ijR>1 1 -1 -3 0</ijR>
			<data>5.96981e-05 	 5.96981e-05 	 5.96981e-05</data>
		</spin_exchange_term>
		<spin_exchange_term>
			<ijR>1 1 -1 -2 0</ijR>
			<data>7.59238e-05 	 7.59238e-05 	 7.59238e-05</data>
		</spin_exchange_term>
		<spin_exchange_term>
			<ijR>1 1 -1 -1 0</ijR>
			<data>3.57545e-04 	 3.57545e-04 	 3.57545e-04</data>
		</spin_exchange_term>
		<spin_exchange_term>
			<ijR>1 1 -1 0 0</ijR>
			<data>6.27495e-04 	 6.27495e-04 	 6.27495e-04</data>
		</spin_exchange_term>
		<spin_exchange_term>
			<ijR>1 1 -1 1 0</ijR>
			<data>1.52905e-04 	 1.52905e-04 	 1.52905e-04</data>
		</spin_exchange_term>
		<spin_exchange_term>
			<ijR>1 1 -1 2 0</ijR>
			<data>1.54105e-05 	 1.54105e-05 	 1.54105e-05</data>
		</spin_exchange_term>
		<spin_exchange_term>
			<ijR>1 1 -1 3 0</ijR>
			<data>-1.84859e-05 	 -1.84859e-05 	 -1.84859e-05</data>
		</spin_exchange_term>
		<spin_exchange_term>
			<ijR>1 1 0 -3 0</ijR>
			<data>1.17176e-05 	 1.17176e-05 	 1.17176e-05</data>
		</spin_exchange_term>
		<spin_exchange_term>
			<ijR>1 1 0 -2 0</ijR>
			<data>1.22334e-04 	 1.22334e-04 	 1.22334e-04</data>
		</spin_exchange_term>
		<spin_exchange_term>
			<ijR>1 1 0 -1 0</ijR>
			<data>-3.83921e-04 	 -3.83921e-04 	 -3.83921e-04</data>
		</spin_exchange_term>
		<spin_exchange_term>
			<ijR>1 1 0 1 0</ijR>
			<data>-3.83921e-04 	 -3.83921e-04 	 -3.83921e-04</data>
		</spin_exchange_term>
		<spin_exchange_term>
			<ijR>1 1 0 2 0</ijR>
			<data>1.22334e-04 	 1.22334e-04 	 1.22334e-04</data>
		</spin_exchange_term>
		<spin_exchange_term>
			<ijR>1 1 0 3 0</ijR>
			<data>1.17176e-05 	 1.17176e-05 	 1.17176e-05</data>
		</spin_exchange_term>
		<spin_exchange_term>
			<ijR>1 1 1 -3 0</ijR>
			<data>-1.84859e-05 	 -1.84859e-05 	 -1.84859e-05</data>
		</spin_exchange_term>
		<spin_exchange_term>
			<ijR>1 1 1 -2 0</ijR>
			<data>1.54105e-05 	 1.54105e-05 	 1.54105e-05</data>
		</spin_exchange_term>
		<spin_exchange_term>
			<ijR>1 1 1 -1 0</ijR>
			<data>1.52905e-04 	 1.52905e-04 	 1.52905e-04</data>
		</spin_exchange_term>
		<spin_exchange_term>
			<ijR>1 1 1 0 0</ijR>
			<data>6.27495e-04 	 6.27495e-04 	 6.27495e-04</data>
		</spin_exchange_term>
		<spin_exchange_term>
			<ijR>1 1 1 1 0</ijR>
			<data>3.57545e-04 	 3.57545e-04 	 3.57545e-04</data>
		</spin_exchange_term>
		<spin_exchange_term>
			<ijR>1 1 1 2 0</ijR>
			<data>7.59238e-05 	 7.59238e-05 	 7.59238e-05</data>
		</spin_exchange_term>
		<spin_exchange_term>
			<ijR>1 1 1 3 0</ijR>
			<data>5.96981e-05 	 5.96981e-05 	 5.96981e-05</data>
		</spin_exchange_term>
		<spin_exchange_term>
			<ijR>1 1 2 -3 0</ijR>
			<data>-3.18105e-05 	 -3.18105e-05 	 -3.18105e-05</data>
		</spin_exchange_term>
		<spin_exchange_term>
			<ijR>1 1 2 -2 0</ijR>
			<data>-3.43029e-05 	 -3.43029e-05 	 -3.43029e-05</data>
		</spin_exchange_term>
		<spin_exchange_term>
			<ijR>1 1 2 -1 0</ijR>
			<data>4.39640e-07 	 4.39640e-07 	 4.39640e-07</data>
		</spin_exchange_term>
		<spin_exchange_term>
			<ijR>1 1 2 0 0</ijR>
			<data>-5.94753e-05 	 -5.94753e-05 	 -5.94753e-05</data>
		</spin_exchange_term>
		<spin_exchange_term>
			<ijR>1 1 2 1 0</ijR>
			<data>6.15461e-05 	 6.15461e-05 	 6.15461e-05</data>
		</spin_exchange_term>
		<spin_exchange_term>
			<ijR>1 1 2 2 0</ijR>
			<data>-1.29666e-05 	 -1.29666e-05 	 -1.29666e-05</data>
		</spin_exchange_term>
		<spin_exchange_term>
			<ijR>1 1 2 3 0</ijR>
			<data>5.22754e-05 	 5.22754e-05 	 5.22754e-05</data>
		</spin_exchange_term>
		<spin_exchange_term>
			<ijR>1 1 3 -3 0</ijR>
			<data>-5.66451e-06 	 -5.66451e-06 	 -5.66451e-06</data>
		</spin_exchange_term>
		<spin_exchange_term>
			<ijR>1 1 3 -2 0</ijR>
			<data>-6.72999e-06 	 -6.72999e-06 	 -6.72999e-06</data>
		</spin_exchange_term>
		<spin_exchange_term>
			<ijR>1 1 3 -1 0</ijR>
			<data>6.16404e-05 	 6.16404e-05 	 6.16404e-05</data>
		</spin_exchange_term>
		<spin_exchange_term>
			<ijR>1 1 3 0 0</ijR>
			<data>-5.18591e-06 	 -5.18591e-06 	 -5.18591e-06</data>
		</spin_exchange_term>
		<spin_exchange_term>
			<ijR>1 1 3 1 0</ijR>
			<data>-1.81330e-05 	 -1.81330e-05 	 -1.81330e-05</data>
		</spin_exchange_term>
		<spin_exchange_term>
			<ijR>1 1 3 2 0</ijR>
			<data>-1.84628e-05 	 -1.84628e-05 	 -1.84628e-05</data>
		</spin_exchange_term>
		<spin_exchange_term>
			<ijR>1 1 3 3 0</ijR>
			<data>7.02661e-06 	 7.02661e-06 	 7.02661e-06</data>
		</spin_exchange_term>
	</spin_exchange_list>
	<spin_DMI_list units="eV">
		<nterms>48</nterms>
		<spin_DMI_term>
			<ijR>1 1 -3 -3 0</ijR>
			<data>2.15598e-06 	 4.49316e-06 	 9.01886e-07</data>
		</spin_DMI_term>
		<spin_DMI_term>
			<ijR>1 1 -3 -2 0</ijR>
			<data>1.27131e-05 	 -6.31095e-06 	 -5.78987e-06</data>
		</spin_DMI_term>
		<spin_DMI_term>
			<ijR>1 1 -3 -1 0</ijR>
			<data>1.75240e-05 	 -1.92929e-05 	 -4.32206e-06</data>
		</spin_DMI_term>
		<spin_DMI_term>
			<ijR>1 1 -3 0 0</ijR>
			<data>-6.51302e-06 	 -7.07454e-06 	 3.24156e-07</data>
		</spin_DMI_term>
		<spin_DMI_term>
			<ijR>1 1 -3 1 0</ijR>
			<data>-8.66974e-06 	 2.20835e-05 	 3.79060e-07</data>
		</spin_DMI_term>
		<spin_DMI_term>
			<ijR>1 1 -3 2 0</ijR>
			<data>-3.50417e-05 	 4.15203e-05 	 4.84817e-05</data>
		</spin_DMI_term>
		<spin_DMI_term>
			<ijR>1 1 -3 3 0</ijR>
			<data>-1.24589e-05 	 -1.99583e-05 	 1.92915e-05</data>
		</spin_DMI_term>
		<spin_DMI_term>
			<ijR>1 1 -2 -3 0</ijR>
			<data>-5.01755e-06 	 -7.43714e-05 	 -2.53694e-07</data>
		</spin_DMI_term>
		<spin_DMI_term>
			<ijR>1 1 -2 -2 0</ijR>
			<data>1.48898e-05 	 2.39651e-04 	 3.69760e-06</data>
		</spin_DMI_term>
		<spin_DMI_term>
			<ijR>1 1 -2 -1 0</ijR>
			<data>5.65511e-06 	 8.23710e-05 	 -3.35075e-05</data>
		</spin_DMI_term>
		<spin_DMI_term>
			<ijR>1 1 -2 0 0</ijR>
			<data>-1.47390e-05 	 -9.33263e-05 	 1.02703e-05</data>
		</spin_DMI_term>
		<spin_DMI_term>
			<ijR>1 1 -2 1 0</ijR>
			<data>1.22575e-05 	 4.59675e-05 	 -4.71021e-06</data>
		</spin_DMI_term>
		<spin_DMI_term>
			<ijR>1 1 -2 2 0</ijR>
			<data>3.37079e-05 	 4.84016e-05 	 -7.35152e-06</data>
		</spin_DMI_term>
		<spin_DMI_term>
			<ijR>1 1 -2 3 0</ijR>
			<data>1.41698e-05 	 -5.14335e-05 	 1.32206e-05</data>
		</spin_DMI_term>
		<spin_DMI_term>
			<ijR>1 1 -1 -3 0</ijR>
			<data>4.46696e-06 	 -7.84739e-05 	 -7.24584e-06</data>
		</spin_DMI_term>
		<spin_DMI_term>
			<ijR>1 1 -1 -2 0</ijR>
			<data>-4.13475e-06 	 2.68969e-04 	 1.01739e-05</data>
		</spin_DMI_term>
		<spin_DMI_term>
			<ijR>1 1 -1 -1 0</ijR>
			<data>-1.74011e-05 	 -5.95036e-05 	 -2.00955e-05</data>
		</spin_DMI_term>
		<spin_DMI_term>
			<ijR>1 1 -1 0 0</ijR>
			<data>4.58276e-05 	 2.34106e-05 	 9.19428e-06</data>
		</spin_DMI_term>
		<spin_DMI_term>
			<ijR>1 1 -1 1 0</ijR>
			<data>9.92514e-06 	 -1.78080e-04 	 1.59655e-05</data>
		</spin_DMI_term>
		<spin_DMI_term>
			<ijR>1 1 -1 2 0</ijR>
			<data>1.40727e-05 	 4.20231e-05 	 -6.12479e-06</data>
		</spin_DMI_term>
		<spin_DMI_term>
			<ijR>1 1 -1 3 0</ijR>
			<data>2.51859e-05 	 -2.22802e-05 	 -1.41929e-05</data>
		</spin_DMI_term>
		<spin_DMI_term>
			<ijR>1 1 0 -3 0</ijR>
			<data>7.37054e-06 	 1.02861e-05 	 3.91875e-06</data>
		</spin_DMI_term>
		<spin_DMI_term>
			<ijR>1 1 0 -2 0</ijR>
			<data>1.47884e-06 	 3.69248e-04 	 8.55017e-06</data>
		</spin_DMI_term>
		<spin_DMI_term>
			<ijR>1 1 0 -1 0</ijR>
			<data>-8.60545e-05 	 -3.67973e-04 	 -2.34675e-05</data>
		</spin_DMI_term>
		<spin_DMI_term>
			<ijR>1 1 0 1 0</ijR>
			<data>8.60545e-05 	 3.67973e-04 	 2.34675e-05</data>
		</spin_DMI_term>
		<spin_DMI_term>
			<ijR>1 1 0 2 0</ijR>
			<data>-1.47884e-06 	 -3.69248e-04 	 -8.55017e-06</data>
		</spin_DMI_term>
		<spin_DMI_term>
			<ijR>1 1 0 3 0</ijR>
			<data>-7.37054e-06 	 -1.02861e-05 	 -3.91875e-06</data>
		</spin_DMI_term>
		<spin_DMI_term>
			<ijR>1 1 1 -3 0</ijR>
			<data>-2.51859e-05 	 2.22802e-05 	 1.41929e-05</data>
		</spin_DMI_term>
		<spin_DMI_term>
			<ijR>1 1 1 -2 0</ijR>
			<data>-1.40727e-05 	 -4.20231e-05 	 6.12479e-06</data>
		</spin_DMI_term>
		<spin_DMI_term>
			<ijR>1 1 1 -1 0</ijR>
			<data>-9.92514e-06 	 1.78080e-04 	 -1.59655e-05</data>
		</spin_DMI_term>
		<spin_DMI_term>
			<ijR>1 1 1 0 0</ijR>
			<data>-4.58276e-05 	 -2.34106e-05 	 -9.19428e-06</data>
		</spin_DMI_term>
		<spin_DMI_term>
			<ijR>1 1 1 1 0</ijR>
			<data>1.74011e-05 	 5.95036e-05 	 2.00955e-05</data>
		</spin_DMI_term>
		<spin_DMI_term>
			<ijR>1 1 1 2 0</ijR>
			<data>4.13475e-06 	 -2.68969e-04 	 -1.01739e-05</data>
		</spin_DMI_term>
		<spin_DMI_term>
			<ijR>1 1 1 3 0</ijR>
			<data>-4.46696e-06 	 7.84739e-05 	 7.24584e-06</data>
		</spin_DMI_term>
		<spin_DMI_term>
			<ijR>1 1 2 -3 0</ijR>
			<data>-1.41698e-05 	 5.14335e-05 	 -1.32206e-05</data>
		</spin_DMI_term>
		<spin_DMI_term>
			<ijR>1 1 2 -2 0</ijR>
			<data>-3.37079e-05 	 -4.84016e-05 	 7.35152e-06</data>
		</spin_DMI_term>
		<spin_DMI_term>
			<ijR>1 1 2 -1 0</ijR>
			<data>-1.22575e-05 	 -4.59675e-05 	 4.71021e-06</data>
		</spin_DMI_term>
		<spin_DMI_term>
			<ijR>1 1 2 0 0</ijR>
			<data>1.47390e-05 	 9.33263e-05 	 -1.02703e-05</data>
		</spin_DMI_term>
		<spin_DMI_term>
			<ijR>1 1 2 1 0</ijR>
			<data>-5.65511e-06 	 -8.23710e-05 	 3.35075e-05</data>
		</spin_DMI_term>
		<spin_DMI_term>
			<ijR>1 1 2 2 0</ijR>
			<data>-1.48898e-05 	 -2.39651e-04 	 -3.69760e-06</data>
		</spin_DMI_term>
		<spin_DMI_term>
			<ijR>1 1 2 3 0</ijR>
			<data>5.01755e-06 	 7.43714e-05 	 2.53694e-07</data>
		</spin_DMI_term>
		<spin_DMI_term>
			<ijR>1 1 3 -3 0</ijR>
			<data>1.24589e-05 	 1.99583e-05 	 -1.92915e-05</data>
		</spin_DMI_term>
		<spin_DMI_term>
			<ijR>1 1 3 -2 0</ijR>
			<data>3.50417e-05 	 -4.15203e-05 	 -4.84817e-05</data>
		</spin_DMI_term>
		<spin_DMI_term>
			<ijR>1 1 3 -1 0</ijR>
			<data>8.66974e-06 	 -2.20835e-05 	 -3.79060e-07</data>
		</spin_DMI_term>
		<spin_DMI_term>
			<ijR>1 1 3 0 0</ijR>
			<data>6.51302e-06 	 7.07454e-06 	 -3.24156e-07</data>
		</spin_DMI_term>
		<spin_DMI_term>
			<ijR>1 1 3 1 0</ijR>
			<data>-1.75240e-05 	 1.92929e-05 	 4.32206e-06</data>
		</spin_DMI_term>
		<spin_DMI_term>
			<ijR>1 1 3 2 0</ijR>
			<data>-1.27131e-05 	 6.31095e-06 	 5.78987e-06</data>
		</spin_DMI_term>
		<spin_DMI_term>
			<ijR>1 1 3 3 0</ijR>
			<data>-2.15598e-06 	 -4.49316e-06 	 -9.01886e-07</data>
		</spin_DMI_term>
	</spin_DMI_list>
	<spin_bilinear_list units="eV">
		<nterms>48</nterms>
		<spin_bilinear_term>
			<ijR>1 1 -3 -3 0</ijR>
			<data>4.53512e-06	-1.80121e-06	1.00461e-05	-1.80121e-06	-4.71178e-06	7.62490e-07	1.00461e-05	7.62490e-07	-1.56856e-05</data>
		</spin_bilinear_term>
		<spin_bilinear_term>
			<ijR>1 1 -3 -2 0</ijR>
			<data>-4.52208e-06	1.38448e-06	-1.18204e-06	1.38448e-06	3.66856e-06	-7.98009e-07	-1.18204e-06	-7.98009e-07	1.30979e-06</data>
		</spin_bilinear_term>
		<spin_bilinear_term>
			<ijR>1 1 -3 -1 0</ijR>
			<data>-7.21116e-06	1.36886e-05	-5.00122e-06	1.36886e-05	-1.95681e-06	-7.96598e-07	-5.00122e-06	-7.96598e-07	-2.32122e-06</data>
		</spin_bilinear_term>
		<spin_bilinear_term>
			<ijR>1 1 -3 0 0</ijR>
			<data>1.02828e-05	9.74493e-07	2.85426e-05	9.74493e-07	7.76581e-07	-3.80299e-06	2.85426e-05	-3.80299e-06	-3.98286e-05</data>
		</spin_bilinear_term>
		<spin_bilinear_term>
			<ijR>1 1 -3 1 0</ijR>
			<data>-2.29425e-05	8.16531e-06	-3.08897e-05	8.16531e-06	-3.96004e-05	-9.93313e-06	-3.08897e-05	-9.93313e-06	-7.59478e-05</data>
		</spin_bilinear_term>
		<spin_bilinear_term>
			<ijR>1 1 -3 2 0</ijR>
			<data>-3.99937e-06	8.88260e-06	1.28585e-05	8.88260e-06	-9.58205e-06	1.94452e-06	1.28585e-05	1.94452e-06	-1.07934e-04</data>
		</spin_bilinear_term>
		<spin_bilinear_term>
			<ijR>1 1 -3 3 0</ijR>
			<data>-1.48477e-05	-4.17115e-06	-5.25222e-06	-4.17115e-06	-4.82733e-06	1.41534e-05	-5.25222e-06	1.41534e-05	-2.19053e-05</data>
		</spin_bilinear_term>
		<spin_bilinear_term>
			<ijR>1 1 -2 -3 0</ijR>
			<data>-1.92061e-06	-1.33214e-05	2.09834e-07	-1.33214e-05	-1.38023e-04	-4.46215e-06	2.09834e-07	-4.46215e-06	-3.55391e-06</data>
		</spin_bilinear_term>
		<spin_bilinear_term>
			<ijR>1 1 -2 -2 0</ijR>
			<data>-4.95401e-05	-8.78008e-06	-4.28991e-05	-8.78008e-06	-1.37272e-04	1.30919e-05	-4.28991e-05	1.30919e-05	2.54224e-05</data>
		</spin_bilinear_term>
		<spin_bilinear_term>
			<ijR>1 1 -2 -1 0</ijR>
			<data>-1.13365e-04	-9.73223e-06	-2.23677e-05	-9.73223e-06	-4.33923e-05	1.01898e-05	-2.23677e-05	1.01898e-05	-6.84598e-05</data>
		</spin_bilinear_term>
		<spin_bilinear_term>
			<ijR>1 1 -2 0 0</ijR>
			<data>-1.30798e-05	-2.82282e-06	7.22592e-06	-2.82282e-06	-3.24896e-05	-1.45890e-05	7.22592e-06	-1.45890e-05	1.61803e-05</data>
		</spin_bilinear_term>
		<spin_bilinear_term>
			<ijR>1 1 -2 1 0</ijR>
			<data>-5.63560e-06	-8.80173e-06	7.54078e-07	-8.80173e-06	-4.35448e-05	7.92936e-06	7.54078e-07	7.92936e-06	-2.79776e-06</data>
		</spin_bilinear_term>
		<spin_bilinear_term>
			<ijR>1 1 -2 2 0</ijR>
			<data>-1.88312e-05	-1.14603e-05	-3.94509e-05	-1.14603e-05	-1.12041e-05	-1.42484e-05	-3.94509e-05	-1.42484e-05	-8.61784e-05</data>
		</spin_bilinear_term>
		<spin_bilinear_term>
			<ijR>1 1 -2 3 0</ijR>
			<data>-1.44770e-05	9.21547e-06	-4.22989e-05	9.21547e-06	-1.69188e-05	1.97009e-05	-4.22989e-05	1.97009e-05	-8.53825e-05</data>
		</spin_bilinear_term>
		<spin_bilinear_term>
			<ijR>1 1 -1 -3 0</ijR>
			<data>-7.82691e-06	1.19821e-05	-4.72880e-06	1.19821e-05	-1.50251e-04	-1.53299e-05	-4.72880e-06	-1.53299e-05	-3.92960e-06</data>
		</spin_bilinear_term>
		<spin_bilinear_term>
			<ijR>1 1 -1 -2 0</ijR>
			<data>-6.14711e-05	-1.52565e-06	-4.47333e-05	-1.52565e-06	-2.64379e-04	2.02062e-05	-4.47333e-05	2.02062e-05	8.03219e-06</data>
		</spin_bilinear_term>
		<spin_bilinear_term>
			<ijR>1 1 -1 -1 0</ijR>
			<data>-1.03824e-03	1.24350e-05	-2.54805e-04	1.24350e-05	1.88189e-04	-6.83367e-06	-2.54805e-04	-6.83367e-06	-9.31471e-05</data>
		</spin_bilinear_term>
		<spin_bilinear_term>
			<ijR>1 1 -1 0 0</ijR>
			<data>-1.41123e-03	-2.35496e-05	-3.30544e-04	-2.35496e-05	2.28686e-05	1.63515e-05	-3.30544e-04	1.63515e-05	-9.25368e-05</data>
		</spin_bilinear_term>
		<spin_bilinear_term>
			<ijR>1 1 -1 1 0</ijR>
			<data>-5.99282e-05	1.97230e-05	-3.04314e-05	1.97230e-05	-2.87377e-04	-1.97688e-05	-3.04314e-05	-1.97688e-05	-4.29662e-05</data>
		</spin_bilinear_term>
		<spin_bilinear_term>
			<ijR>1 1 -1 2 0</ijR>
			<data>-1.94724e-05	-1.70537e-05	4.90283e-06	-1.70537e-05	-3.27883e-05	6.77408e-06	4.90283e-06	6.77408e-06	-1.24013e-05</data>
		</spin_bilinear_term>
		<spin_bilinear_term>
			<ijR>1 1 -1 3 0</ijR>
			<data>-3.44218e-05	7.63810e-06	-2.08277e-05	7.63810e-06	-7.20358e-06	-2.36514e-06	-2.08277e-05	-2.36514e-06	-1.20673e-05</data>
		</spin_bilinear_term>
		<spin_bilinear_term>
			<ijR>1 1 0 -3 0</ijR>
			<data>1.05965e-05	-2.33741e-06	7.98070e-07	-2.33741e-06	-7.34539e-06	1.51429e-06	7.98070e-07	1.51429e-06	-1.87645e-05</data>
		</spin_bilinear_term>
		<spin_bilinear_term>
			<ijR>1 1 0 -2 0</ijR>
			<data>-5.90360e-05	4.88279e-06	-1.07529e-04	4.88279e-06	-3.58826e-04	-1.42660e-06	-1.07529e-04	-1.42660e-06	1.56157e-05</data>
		</spin_bilinear_term>
		<spin_bilinear_term>
			<ijR>1 1 0 -1 0</ijR>
			<data>-5.34211e-04	-8.14197e-08	-6.74360e-06	-8.14197e-08	6.19238e-04	8.47150e-06	-6.74360e-06	8.47150e-06	1.23297e-05</data>
		</spin_bilinear_term>
		<spin_bilinear_term>
			<ijR>1 1 0 1 0</ijR>
			<data>-5.34211e-04	-8.14197e-08	-6.74360e-06	-8.14197e-08	6.19238e-04	8.47150e-06	-6.74360e-06	8.47150e-06	1.23297e-05</data>
		</spin_bilinear_term>
		<spin_bilinear_term>
			<ijR>1 1 0 2 0</ijR>
			<data>-5.90360e-05	4.88279e-06	-1.07529e-04	4.88279e-06	-3.58826e-04	-1.42660e-06	-1.07529e-04	-1.42660e-06	1.56157e-05</data>
		</spin_bilinear_term>
		<spin_bilinear_term>
			<ijR>1 1 0 3 0</ijR>
			<data>1.05965e-05	-2.33741e-06	7.98070e-07	-2.33741e-06	-7.34539e-06	1.51429e-06	7.98070e-07	1.51429e-06	-1.87645e-05</data>
		</spin_bilinear_term>
		<spin_bilinear_term>
			<ijR>1 1 1 -3 0</ijR>
			<data>-3.44218e-05	7.63810e-06	-2.08277e-05	7.63810e-06	-7.20358e-06	-2.36514e-06	-2.08277e-05	-2.36514e-06	-1.20673e-05</data>
		</spin_bilinear_term>
		<spin_bilinear_term>
			<ijR>1 1 1 -2 0</ijR>
			<data>-1.94724e-05	-1.70537e-05	4.90283e-06	-1.70537e-05	-3.27883e-05	6.77408e-06	4.90283e-06	6.77408e-06	-1.24013e-05</data>
		</spin_bilinear_term>
		<spin_bilinear_term>
			<ijR>1 1 1 -1 0</ijR>
			<data>-5.99282e-05	1.97230e-05	-3.04314e-05	1.97230e-05	-2.87377e-04	-1.97688e-05	-3.04314e-05	-1.97688e-05	-4.29662e-05</data>
		</spin_bilinear_term>
		<spin_bilinear_term>
			<ijR>1 1 1 0 0</ijR>
			<data>-1.41123e-03	-2.35496e-05	-3.30544e-04	-2.35496e-05	2.28686e-05	1.63515e-05	-3.30544e-04	1.63515e-05	-9.25368e-05</data>
		</spin_bilinear_term>
		<spin_bilinear_term>
			<ijR>1 1 1 1 0</ijR>
			<data>-1.03824e-03	1.24350e-05	-2.54805e-04	1.24350e-05	1.88189e-04	-6.83367e-06	-2.54805e-04	-6.83367e-06	-9.31471e-05</data>
		</spin_bilinear_term>
		<spin_bilinear_term>
			<ijR>1 1 1 2 0</ijR>
			<data>-6.14711e-05	-1.52565e-06	-4.47333e-05	-1.52565e-06	-2.64379e-04	2.02062e-05	-4.47333e-05	2.02062e-05	8.03219e-06</data>
		</spin_bilinear_term>
		<spin_bilinear_term>
			<ijR>1 1 1 3 0</ijR>
			<data>-7.82691e-06	1.19821e-05	-4.72880e-06	1.19821e-05	-1.50251e-04	-1.53299e-05	-4.72880e-06	-1.53299e-05	-3.92960e-06</data>
		</spin_bilinear_term>
		<spin_bilinear_term>
			<ijR>1 1 2 -3 0</ijR>
			<data>-1.44770e-05	9.21547e-06	-4.22989e-05	9.21547e-06	-1.69188e-05	1.97009e-05	-4.22989e-05	1.97009e-05	-8.53825e-05</data>
		</spin_bilinear_term>
		<spin_bilinear_term>
			<ijR>1 1 2 -2 0</ijR>
			<data>-1.88312e-05	-1.14603e-05	-3.94509e-05	-1.14603e-05	-1.12041e-05	-1.42484e-05	-3.94509e-05	-1.42484e-05	-8.61784e-05</data>
		</spin_bilinear_term>
		<spin_bilinear_term>
			<ijR>1 1 2 -1 0</ijR>
			<data>-5.63560e-06	-8.80173e-06	7.54078e-07	-8.80173e-06	-4.35448e-05	7.92936e-06	7.54078e-07	7.92936e-06	-2.79776e-06</data>
		</spin_bilinear_term>
		<spin_bilinear_term>
			<ijR>1 1 2 0 0</ijR>
			<data>-1.30798e-05	-2.82282e-06	7.22592e-06	-2.82282e-06	-3.24896e-05	-1.45890e-05	7.22592e-06	-1.45890e-05	1.61803e-05</data>
		</spin_bilinear_term>
		<spin_bilinear_term>
			<ijR>1 1 2 1 0</ijR>
			<data>-1.13365e-04	-9.73223e-06	-2.23677e-05	-9.73223e-06	-4.33923e-05	1.01898e-05	-2.23677e-05	1.01898e-05	-6.84598e-05</data>
		</spin_bilinear_term>
		<spin_bilinear_term>
			<ijR>1 1 2 2 0</ijR>
			<data>-4.95401e-05	-8.78008e-06	-4.28991e-05	-8.78008e-06	-1.37272e-04	1.30919e-05	-4.28991e-05	1.30919e-05	2.54224e-05</data>
		</spin_bilinear_term>
		<spin_bilinear_term>
			<ijR>1 1 2 3 0</ijR>
			<data>-1.92061e-06	-1.33214e-05	2.09834e-07	-1.33214e-05	-1.38023e-04	-4.46215e-06	2.09834e-07	-4.46215e-06	-3.55391e-06</data>
		</spin_bilinear_term>
		<spin_bilinear_term>
			<ijR>1 1 3 -3 0</ijR>
			<data>-1.48477e-05	-4.17115e-06	-5.25222e-06	-4.17115e-06	-4.82733e-06	1.41534e-05	-5.25222e-06	1.41534e-05	-2.19053e-05</data>
		</spin_bilinear_term>
		<spin_bilinear_term>
			<ijR>1 1 3 -2 0</ijR>
			<data>-3.99937e-06	8.88260e-06	1.28585e-05	8.88260e-06	-9.58205e-06	1.94452e-06	1.28585e-05	1.94452e-06	-1.07934e-04</data>
		</spin_bilinear_term>
		<spin_bilinear_term>
			<ijR>1 1 3 -1 0</ijR>
			<data>-2.29425e-05	8.16531e-06	-3.08897e-05	8.16531e-06	-3.96004e-05	-9.93313e-06	-3.08897e-05	-9.93313e-06	-7.59478e-05</data>
		</spin_bilinear_term>
		<spin_bilinear_term>
			<ijR>1 1 3 0 0</ijR>
			<data>1.02828e-05	9.74493e-07	2.85426e-05	9.74493e-07	7.76581e-07	-3.80299e-06	2.85426e-05	-3.80299e-06	-3.98286e-05</data>
		</spin_bilinear_term>
		<spin_bilinear_term>
			<ijR>1 1 3 1 0</ijR>
			<data>-7.21116e-06	1.36886e-05	-5.00122e-06	1.36886e-05	-1.95681e-06	-7.96598e-07	-5.00122e-06	-7.96598e-07	-2.32122e-06</data>
		</spin_bilinear_term>
		<spin_bilinear_term>
			<ijR>1 1 3 2 0</ijR>
			<data>-4.52208e-06	1.38448e-06	-1.18204e-06	1.38448e-06	3.66856e-06	-7.98009e-07	-1.18204e-06	-7.98009e-07	1.30979e-06</data>
		</spin_bilinear_term>
		<spin_bilinear_term>
			<ijR>1 1 3 3 0</ijR>
			<data>4.53512e-06	-1.80121e-06	1.00461e-05	-1.80121e-06	-4.71178e-06	7.62490e-07	1.00461e-05	7.62490e-07	-1.56856e-05</data>
		</spin_bilinear_term>
	</spin_bilinear_list>
	<description>Exchange parameters generated by TB2J 0.4.4.1
Generation time: 24/10/16 04:29:31
 Input from non-collinear Wannier90 data.
 Tight binding data from ./. 
 Prefix of wannier function files:wannier90.
Warning: Please check if the noise level of Wannier function Hamiltonian to make sure it is much smaller than the exchange values.
 The DMI component parallel to the spin orientation, the Jani which has the component of that orientation should be disregarded
 e.g. if the spins are along z, the xz, yz, zz, zx, zy components and the z component of DMI.
 If you need these component, try to do three calculations with spin along x, y, z,  or use structure with z rotated to x, y and z. And then use TB2J_merge.py to get the full set of parameters.


</description>
</System_definition>
