==========================================================================================
Information: 
Exchange parameters generated by TB2J 0.9.0.1
Generation time: 25/02/12 02:41:12
 Input from collinear Wannier90 data.
 Tight binding data from ./. 
 Prefix of wannier function files:wannier90.up and wannier90.dn.
Warning: Please check if the noise level of Wannier function Hamiltonian to make sure it is much smaller than the exchange values.

==========================================================================================
Cell (Angstrom):
0.00000000  2.67781338  2.67781338
-2.67781338  2.67781338  0.00000000
-3.51952724  -3.51952724  3.51952724

==========================================================================================
Atoms:  
(Note: charge and magmoms only count the wannier functions.)
Atom number        x             y             z       w_charge  w_magmom 
Cr1            -1.75976362   -1.75976362    1.75976362    4.7763    3.5610
Te1            -1.73696050    0.94085288    1.73696050    5.1192    0.0905
Te2            -4.46038012    0.89524664    4.46038012    5.1190    0.0902
Total                                                    15.0145    3.7416

==========================================================================================
Orbitals used in decomposition: 
The name of the orbitals for the decomposition: 
Cr1 : ['orb_1', 'orb_2', 'orb_3', 'orb_4', 'orb_5']

==========================================================================================
Exchange: 
    i      j          R        J_iso(meV)          vector          distance(A) 
----------------------------------------------------------------------------------------
   Cr1   Cr1   ( -1,   0,   0)  5.8265   ( 0.000, -2.678, -2.678)  3.787 
J_iso:  5.8265 
Orbital contributions:
 isotropic J:
 [[-0.664  0.004  1.185 -0.231 -0.123]
 [-0.012  0.013 -0.001 -0.113  0.066]
 [ 1.158 -0.001 -2.138  3.473 -0.001]
 [-0.231 -0.112  3.553  0.036  0.015]
 [-0.134  0.066 -0.001  0.009  0.013]] 
----------------------------------------------------------------------------------------
   Cr1   Cr1   ( -1,   1,   0)  5.8257   (-2.678,  0.000, -2.678)  3.787 
J_iso:  5.8257 
Orbital contributions:
 isotropic J:
 [[-0.664  1.185  0.004 -0.232 -0.123]
 [ 1.158 -2.139 -0.001  3.473 -0.001]
 [-0.012 -0.001  0.012 -0.113  0.066]
 [-0.232  3.553 -0.112  0.036  0.015]
 [-0.134 -0.001  0.066  0.009  0.012]] 
----------------------------------------------------------------------------------------
   Cr1   Cr1   (  0,  -1,   0)  5.8161   ( 2.678, -2.678,  0.000)  3.787 
J_iso:  5.8161 
Orbital contributions:
 isotropic J:
 [[ 0.153 -0.043 -0.042 -0.     4.736]
 [-0.042  0.013  0.066 -0.084 -0.001]
 [-0.041  0.066  0.013 -0.084 -0.001]
 [-0.    -0.066 -0.066 -1.25   0.   ]
 [ 4.629 -0.001 -0.001  0.    -2.138]] 
----------------------------------------------------------------------------------------
   Cr1   Cr1   (  0,   1,   0)  5.8161   (-2.678,  2.678,  0.000)  3.787 
J_iso:  5.8161 
Orbital contributions:
 isotropic J:
 [[ 0.153 -0.042 -0.041 -0.     4.629]
 [-0.043  0.013  0.066 -0.066 -0.001]
 [-0.042  0.066  0.013 -0.066 -0.001]
 [-0.    -0.084 -0.084 -1.25   0.   ]
 [ 4.736 -0.001 -0.001  0.    -2.138]] 
----------------------------------------------------------------------------------------
   Cr1   Cr1   (  1,  -1,   0)  5.8257   ( 2.678,  0.000,  2.678)  3.787 
J_iso:  5.8257 
Orbital contributions:
 isotropic J:
 [[-0.664  1.158 -0.012 -0.232 -0.134]
 [ 1.185 -2.139 -0.001  3.553 -0.001]
 [ 0.004 -0.001  0.012 -0.112  0.066]
 [-0.232  3.473 -0.113  0.036  0.009]
 [-0.123 -0.001  0.066  0.015  0.012]] 
----------------------------------------------------------------------------------------
   Cr1   Cr1   (  1,   0,   0)  5.8265   ( 0.000,  2.678,  2.678)  3.787 
J_iso:  5.8265 
Orbital contributions:
 isotropic J:
 [[-0.664 -0.012  1.158 -0.231 -0.134]
 [ 0.004  0.013 -0.001 -0.112  0.066]
 [ 1.185 -0.001 -2.138  3.553 -0.001]
 [-0.231 -0.113  3.473  0.036  0.009]
 [-0.123  0.066 -0.001  0.015  0.013]] 
----------------------------------------------------------------------------------------
   Cr1   Cr1   (  0,   0,   1)  0.8502   (-3.520, -3.520,  3.520)  6.096 
J_iso:  0.8502 
Orbital contributions:
 isotropic J:
 [[-0.227 -0.004 -0.004  0.    -0.017]
 [-0.005  0.072  0.201 -0.016  0.201]
 [-0.005  0.201  0.072 -0.016  0.201]
 [ 0.    -0.013 -0.013 -0.227 -0.   ]
 [-0.022  0.201  0.201 -0.     0.072]] 
----------------------------------------------------------------------------------------
   Cr1   Cr1   (  0,   0,  -1)  0.8502   ( 3.520,  3.520, -3.520)  6.096 
J_iso:  0.8502 
Orbital contributions:
 isotropic J:
 [[-0.227 -0.005 -0.005  0.    -0.022]
 [-0.004  0.072  0.201 -0.013  0.201]
 [-0.004  0.201  0.072 -0.013  0.201]
 [ 0.    -0.016 -0.016 -0.227 -0.   ]
 [-0.017  0.201  0.201 -0.     0.072]] 
----------------------------------------------------------------------------------------
   Cr1   Cr1   ( -1,  -1,   0)  1.3670   ( 2.678, -5.356, -2.678)  6.559 
J_iso:  1.3670 
Orbital contributions:
 isotropic J:
 [[ 0.013  0.068 -0.018  0.006 -0.028]
 [ 0.072  0.117  0.083  0.216  0.083]
 [-0.013  0.078  0.057 -0.062  0.266]
 [ 0.006  0.205 -0.069  0.018 -0.06 ]
 [-0.027  0.078  0.266 -0.049  0.057]] 
----------------------------------------------------------------------------------------
   Cr1   Cr1   ( -1,   2,   0)  1.3669   (-5.356,  2.678, -2.678)  6.559 
J_iso:  1.3669 
Orbital contributions:
 isotropic J:
 [[ 0.014 -0.018  0.068  0.006 -0.028]
 [-0.013  0.057  0.078 -0.062  0.266]
 [ 0.072  0.083  0.117  0.216  0.083]
 [ 0.006 -0.069  0.205  0.018 -0.06 ]
 [-0.027  0.266  0.078 -0.049  0.057]] 
----------------------------------------------------------------------------------------
   Cr1   Cr1   (  1,  -2,   0)  1.3669   ( 5.356, -2.678,  2.678)  6.559 
J_iso:  1.3669 
Orbital contributions:
 isotropic J:
 [[ 0.014 -0.013  0.072  0.006 -0.027]
 [-0.018  0.057  0.083 -0.069  0.266]
 [ 0.068  0.078  0.117  0.205  0.078]
 [ 0.006 -0.062  0.216  0.018 -0.049]
 [-0.028  0.266  0.083 -0.06   0.057]] 
----------------------------------------------------------------------------------------
   Cr1   Cr1   (  1,   1,   0)  1.3670   (-2.678,  5.356,  2.678)  6.559 
J_iso:  1.3670 
Orbital contributions:
 isotropic J:
 [[ 0.013  0.072 -0.013  0.006 -0.027]
 [ 0.068  0.117  0.078  0.205  0.078]
 [-0.018  0.083  0.057 -0.069  0.266]
 [ 0.006  0.216 -0.062  0.018 -0.049]
 [-0.028  0.083  0.266 -0.06   0.057]] 
----------------------------------------------------------------------------------------
   Cr1   Cr1   ( -2,   1,   0)  1.3679   (-2.678, -2.678, -5.356)  6.559 
J_iso:  1.3679 
Orbital contributions:
 isotropic J:
 [[ 0.027 -0.085 -0.085 -0.     0.273]
 [-0.073  0.057  0.266 -0.002  0.078]
 [-0.073  0.266  0.057 -0.002  0.078]
 [-0.    -0.002 -0.002  0.017  0.   ]
 [ 0.288  0.083  0.083  0.     0.117]] 
----------------------------------------------------------------------------------------
   Cr1   Cr1   (  2,  -1,   0)  1.3679   ( 2.678,  2.678,  5.356)  6.559 
J_iso:  1.3679 
Orbital contributions:
 isotropic J:
 [[ 0.027 -0.073 -0.073 -0.     0.288]
 [-0.085  0.057  0.266 -0.002  0.083]
 [-0.085  0.266  0.057 -0.002  0.083]
 [-0.    -0.002 -0.002  0.017  0.   ]
 [ 0.273  0.078  0.078  0.     0.117]] 
----------------------------------------------------------------------------------------
   Cr1   Cr1   ( -1,   0,  -1)  0.1437   ( 3.520,  0.842, -6.197)  7.177 
J_iso:  0.1437 
Orbital contributions:
 isotropic J:
 [[-0.292  0.025  0.008 -0.026  0.004]
 [ 0.022  0.348  0.034  0.01   0.009]
 [ 0.006  0.034 -0.001 -0.002 -0.   ]
 [-0.022  0.01  -0.001 -0.038  0.002]
 [ 0.002  0.008 -0.     0.002  0.002]] 
----------------------------------------------------------------------------------------
   Cr1   Cr1   ( -1,   0,   1)  0.1439   (-3.520, -6.197,  0.842)  7.177 
J_iso:  0.1439 
Orbital contributions:
 isotropic J:
 [[-0.024 -0.001 -0.    -0.049 -0.022]
 [-0.001  0.002 -0.     0.005  0.008]
 [-0.002 -0.    -0.001  0.006  0.033]
 [-0.043  0.006  0.007 -0.261  0.057]
 [-0.027  0.009  0.034  0.059  0.348]] 
----------------------------------------------------------------------------------------
   Cr1   Cr1   ( -1,   1,  -1)  0.1434   ( 0.842,  3.520, -6.197)  7.177 
J_iso:  0.1434 
Orbital contributions:
 isotropic J:
 [[-0.292  0.008  0.025 -0.026  0.004]
 [ 0.006 -0.001  0.033 -0.002 -0.   ]
 [ 0.022  0.034  0.348  0.01   0.009]
 [-0.022 -0.001  0.01  -0.038  0.002]
 [ 0.002 -0.     0.008  0.002  0.002]] 
----------------------------------------------------------------------------------------
   Cr1   Cr1   ( -1,   1,   1)  0.1446   (-6.197, -3.520,  0.842)  7.177 
J_iso:  0.1446 
Orbital contributions:
 isotropic J:
 [[-0.024 -0.    -0.001 -0.049 -0.022]
 [-0.002 -0.001 -0.     0.006  0.034]
 [-0.001 -0.     0.002  0.005  0.008]
 [-0.043  0.008  0.006 -0.261  0.057]
 [-0.027  0.034  0.009  0.06   0.348]] 
----------------------------------------------------------------------------------------
   Cr1   Cr1   (  0,  -1,  -1)  0.1440   ( 6.197,  0.842, -3.520)  7.177 
J_iso:  0.1440 
Orbital contributions:
 isotropic J:
 [[-0.045  0.05   0.005 -0.131  0.003]
 [ 0.054  0.348  0.009 -0.021  0.034]
 [ 0.005  0.008  0.002 -0.001 -0.   ]
 [-0.14  -0.014  0.    -0.061  0.004]
 [ 0.002  0.034 -0.     0.002 -0.001]] 
----------------------------------------------------------------------------------------
   Cr1   Cr1   (  0,  -1,   1)  0.1431   (-0.842, -6.197,  3.520)  7.177 
J_iso:  0.1431 
Orbital contributions:
 isotropic J:
 [[-0.045  0.005  0.049 -0.131  0.003]
 [ 0.005  0.002  0.008 -0.001 -0.   ]
 [ 0.053  0.009  0.348 -0.021  0.034]
 [-0.14   0.    -0.014 -0.061  0.004]
 [ 0.002 -0.     0.033  0.002 -0.001]] 
----------------------------------------------------------------------------------------
   Cr1   Cr1   (  0,   1,  -1)  0.1431   ( 0.842,  6.197, -3.520)  7.177 
J_iso:  0.1431 
Orbital contributions:
 isotropic J:
 [[-0.045  0.005  0.053 -0.14   0.002]
 [ 0.005  0.002  0.009  0.    -0.   ]
 [ 0.049  0.008  0.348 -0.014  0.033]
 [-0.131 -0.001 -0.021 -0.061  0.002]
 [ 0.003 -0.     0.034  0.004 -0.001]] 
----------------------------------------------------------------------------------------
   Cr1   Cr1   (  0,   1,   1)  0.1440   (-6.197, -0.842,  3.520)  7.177 
J_iso:  0.1440 
Orbital contributions:
 isotropic J:
 [[-0.045  0.054  0.005 -0.14   0.002]
 [ 0.05   0.348  0.008 -0.014  0.034]
 [ 0.005  0.009  0.002  0.    -0.   ]
 [-0.131 -0.021 -0.001 -0.061  0.002]
 [ 0.003  0.034 -0.     0.004 -0.001]] 
----------------------------------------------------------------------------------------
   Cr1   Cr1   (  1,  -1,  -1)  0.1446   ( 6.197,  3.520, -0.842)  7.177 
J_iso:  0.1446 
Orbital contributions:
 isotropic J:
 [[-0.024 -0.002 -0.001 -0.043 -0.027]
 [-0.    -0.001 -0.     0.008  0.034]
 [-0.001 -0.     0.002  0.006  0.009]
 [-0.049  0.006  0.005 -0.261  0.06 ]
 [-0.022  0.034  0.008  0.057  0.348]] 
----------------------------------------------------------------------------------------
   Cr1   Cr1   (  1,  -1,   1)  0.1434   (-0.842, -3.520,  6.197)  7.177 
J_iso:  0.1434 
Orbital contributions:
 isotropic J:
 [[-0.292  0.006  0.022 -0.022  0.002]
 [ 0.008 -0.001  0.034 -0.001 -0.   ]
 [ 0.025  0.033  0.348  0.01   0.008]
 [-0.026 -0.002  0.01  -0.038  0.002]
 [ 0.004 -0.     0.009  0.002  0.002]] 
----------------------------------------------------------------------------------------
   Cr1   Cr1   (  1,   0,  -1)  0.1439   ( 3.520,  6.197, -0.842)  7.177 
J_iso:  0.1439 
Orbital contributions:
 isotropic J:
 [[-0.024 -0.001 -0.002 -0.043 -0.027]
 [-0.001  0.002 -0.     0.006  0.009]
 [-0.    -0.    -0.001  0.007  0.034]
 [-0.049  0.005  0.006 -0.261  0.059]
 [-0.022  0.008  0.033  0.057  0.348]] 
----------------------------------------------------------------------------------------
   Cr1   Cr1   (  1,   0,   1)  0.1437   (-3.520, -0.842,  6.197)  7.177 
J_iso:  0.1437 
Orbital contributions:
 isotropic J:
 [[-0.292  0.022  0.006 -0.022  0.002]
 [ 0.025  0.348  0.034  0.01   0.008]
 [ 0.008  0.034 -0.001 -0.001 -0.   ]
 [-0.026  0.01  -0.002 -0.038  0.002]
 [ 0.004  0.009 -0.     0.002  0.002]] 
----------------------------------------------------------------------------------------
   Cr1   Cr1   ( -2,   0,   0)  0.0022   ( 0.000, -5.356, -5.356)  7.574 
J_iso:  0.0022 
Orbital contributions:
 isotropic J:
 [[-0.18   0.009 -0.02  -0.267  0.05 ]
 [ 0.009  0.009  0.018  0.039 -0.031]
 [-0.016  0.017  0.559 -0.049  0.017]
 [-0.267  0.04  -0.059  0.081 -0.001]
 [ 0.047 -0.031  0.018 -0.     0.009]] 
----------------------------------------------------------------------------------------
   Cr1   Cr1   ( -2,   2,   0)  0.0016   (-5.356,  0.000, -5.356)  7.574 
J_iso:  0.0016 
Orbital contributions:
 isotropic J:
 [[-0.18  -0.02   0.009 -0.267  0.05 ]
 [-0.016  0.559  0.017 -0.049  0.017]
 [ 0.009  0.018  0.009  0.039 -0.031]
 [-0.267 -0.059  0.04   0.082 -0.001]
 [ 0.047  0.018 -0.031 -0.     0.009]] 
----------------------------------------------------------------------------------------
   Cr1   Cr1   (  0,  -2,   0)  0.0025   ( 5.356, -5.356,  0.000)  7.574 
J_iso:  0.0025 
Orbital contributions:
 isotropic J:
 [[-0.055  0.015  0.015 -0.    -0.079]
 [ 0.015  0.009 -0.031  0.033  0.018]
 [ 0.015 -0.031  0.009  0.032  0.018]
 [-0.     0.034  0.034 -0.578  0.   ]
 [-0.065  0.017  0.017  0.     0.559]] 
----------------------------------------------------------------------------------------
   Cr1   Cr1   (  0,   2,   0)  0.0025   (-5.356,  5.356,  0.000)  7.574 
J_iso:  0.0025 
Orbital contributions:
 isotropic J:
 [[-0.055  0.015  0.015 -0.    -0.065]
 [ 0.015  0.009 -0.031  0.034  0.017]
 [ 0.015 -0.031  0.009  0.034  0.017]
 [-0.     0.033  0.032 -0.578  0.   ]
 [-0.079  0.018  0.018  0.     0.559]] 
----------------------------------------------------------------------------------------
   Cr1   Cr1   (  2,  -2,   0)  0.0016   ( 5.356,  0.000,  5.356)  7.574 
J_iso:  0.0016 
Orbital contributions:
 isotropic J:
 [[-0.18  -0.016  0.009 -0.267  0.047]
 [-0.02   0.559  0.018 -0.059  0.018]
 [ 0.009  0.017  0.009  0.04  -0.031]
 [-0.267 -0.049  0.039  0.082 -0.   ]
 [ 0.05   0.017 -0.031 -0.001  0.009]] 
----------------------------------------------------------------------------------------
   Cr1   Cr1   (  2,   0,   0)  0.0022   ( 0.000,  5.356,  5.356)  7.574 
J_iso:  0.0022 
Orbital contributions:
 isotropic J:
 [[-0.18   0.009 -0.016 -0.267  0.047]
 [ 0.009  0.009  0.017  0.04  -0.031]
 [-0.02   0.018  0.559 -0.059  0.018]
 [-0.267  0.039 -0.049  0.081 -0.   ]
 [ 0.05  -0.031  0.017 -0.001  0.009]] 
