==========================================================================================
Information: 
Exchange parameters generated by TB2J 0.9.0.1
Generation time: 25/02/08 05:38:31
 Input from collinear Wannier90 data.
 Tight binding data from ./. 
 Prefix of wannier function files:wannier90.up and wannier90.dn.
Warning: Please check if the noise level of Wannier function Hamiltonian to make sure it is much smaller than the exchange values.

==========================================================================================
Cell (Angstrom):
3.93399970  -6.81388805  0.00000000
3.93399970  6.81388805  0.00000000
0.00000000  0.00000000  12.34000000

==========================================================================================
Atoms:  
(Note: charge and magmoms only count the wannier functions.)
Atom number        x             y             z       w_charge  w_magmom 
Cr1             0.00000000   -0.14258222   -0.07483789    4.9247    3.7821
Cr2            -0.00000000    0.14258222    6.24483789    4.9251    3.7814
Cr3             1.96699985    3.54952624    0.07483789    4.9255    3.7821
Cr4             1.96699985    3.26436181    6.09516211    4.9250    3.7823
Cr5             1.96699985   -3.26436181    0.07483789    4.9258    3.7819
Cr6             1.96699985   -3.54952624    6.09516211    4.9252    3.7821
Cr7             3.93399970   -0.14258222   -0.07483789    4.9252    3.7820
Cr8             3.93399970    0.14258222    6.24483789    4.9250    3.7820
Cr9             0.00000000    0.00000000    3.08500000    5.0369    3.9429
Cr10            1.96699985    3.40694402    9.25500000    5.0362    3.9429
Cr11            1.96699985   -3.40694402    9.25500000    5.0371    3.9421
Cr12            3.93399970    0.00000000    3.08500000    5.0360    3.9426
Te1             1.96699985    1.13259125    1.47105663    4.8896   -0.2160
Te2             1.96699985    1.09883882    7.80936666    4.8748   -0.3235
Te3             3.93399970    4.50578285    1.63936666    4.8703   -0.3194
Te4             3.93399970    4.53953528    7.64105663    4.8882   -0.2151
Te5             3.93399970   -2.30810520    1.63936666    4.8755   -0.3244
Te6             3.93399970   -2.27435277    7.64105663    4.8897   -0.2167
Te7             5.90099955    1.13259125    1.47105663    4.8879   -0.2144
Te8             5.90099955    1.09883882    7.80936666    4.8708   -0.3194
Te9             1.96699985   -1.13259125    4.69894337    4.8906   -0.2169
Te10            1.96699985   -1.09883882   10.70063334    4.8764   -0.3247
Te11            3.93399970    2.30810520    4.53063334    4.8711   -0.3192
Te12            3.93399970    2.27435277   10.86894337    4.8892   -0.2155
Te13            3.93399970   -4.50578285    4.53063334    4.8765   -0.3259
Te14            3.93399970   -4.53953528   10.86894337    4.8911   -0.2171
Te15            5.90099955   -1.13259125    4.69894337    4.8883   -0.2150
Te16            5.90099955   -1.09883882   10.70063334    4.8719   -0.3202
Total                                                   137.6498   41.7228

==========================================================================================
Orbitals used in decomposition: 
The name of the orbitals for the decomposition: 
Cr1 : ['orb_1', 'orb_2', 'orb_3', 'orb_4', 'orb_5']
Cr2 : ['orb_1', 'orb_2', 'orb_3', 'orb_4', 'orb_5']
Cr3 : ['orb_1', 'orb_2', 'orb_3', 'orb_4', 'orb_5']
Cr4 : ['orb_1', 'orb_2', 'orb_3', 'orb_4', 'orb_5']
Cr5 : ['orb_1', 'orb_2', 'orb_3', 'orb_4', 'orb_5']
Cr6 : ['orb_1', 'orb_2', 'orb_3', 'orb_4', 'orb_5']
Cr7 : ['orb_1', 'orb_2', 'orb_3', 'orb_4', 'orb_5']
Cr8 : ['orb_1', 'orb_2', 'orb_3', 'orb_4', 'orb_5']
Cr9 : ['orb_1', 'orb_2', 'orb_3', 'orb_4', 'orb_5']
Cr10 : ['orb_1', 'orb_2', 'orb_3', 'orb_4', 'orb_5']
Cr11 : ['orb_1', 'orb_2', 'orb_3', 'orb_4', 'orb_5']
Cr12 : ['orb_1', 'orb_2', 'orb_3', 'orb_4', 'orb_5']

==========================================================================================
Exchange: 
    i      j          R        J_iso(meV)          vector          distance(A) 
----------------------------------------------------------------------------------------
   Cr4   Cr10  (  0,   0,   0)  5.0722   (-0.000,  0.143,  3.160)  3.163 
J_iso:  5.0722 
Orbital contributions:
 isotropic J:
 [[-17.233   0.      0.057   0.012  -0.   ]
 [  0.      7.435  -0.      0.     -0.232]
 [ -0.005   0.     12.655   0.078   0.   ]
 [  0.101   0.      0.915   0.191  -0.   ]
 [ -0.      0.199   0.      0.      0.9  ]] 
----------------------------------------------------------------------------------------
   Cr6   Cr11  (  0,   0,   0)  5.3232   (-0.000,  0.143,  3.160)  3.163 
J_iso:  5.3232 
Orbital contributions:
 isotropic J:
 [[-17.288   0.      0.083   0.02   -0.   ]
 [ -0.      7.473  -0.     -0.     -0.244]
 [ -0.013  -0.     12.868   0.113  -0.   ]
 [  0.113  -0.      0.906   0.195  -0.   ]
 [ -0.      0.201  -0.     -0.      0.896]] 
----------------------------------------------------------------------------------------
   Cr10  Cr4   (  0,   0,   0)  5.0722   ( 0.000, -0.143, -3.160)  3.163 
J_iso:  5.0722 
Orbital contributions:
 isotropic J:
 [[-17.233   0.     -0.005   0.101  -0.   ]
 [  0.      7.435   0.      0.      0.199]
 [  0.057  -0.     12.655   0.915   0.   ]
 [  0.012   0.      0.078   0.191   0.   ]
 [ -0.     -0.232   0.     -0.      0.9  ]] 
----------------------------------------------------------------------------------------
   Cr11  Cr6   (  0,   0,   0)  5.3232   ( 0.000, -0.143, -3.160)  3.163 
J_iso:  5.3232 
Orbital contributions:
 isotropic J:
 [[-17.288  -0.     -0.013   0.113  -0.   ]
 [  0.      7.473  -0.     -0.      0.201]
 [  0.083  -0.     12.868   0.906  -0.   ]
 [  0.02   -0.      0.113   0.195  -0.   ]
 [ -0.     -0.244  -0.     -0.      0.896]] 
----------------------------------------------------------------------------------------
   Cr1   Cr9   (  0,   0,   0)  5.2942   (-0.000,  0.143,  3.160)  3.163 
J_iso:  5.2942 
Orbital contributions:
 isotropic J:
 [[-17.235  -0.      0.079   0.016   0.   ]
 [ -0.      7.436  -0.      0.     -0.238]
 [ -0.003  -0.     12.839   0.106  -0.   ]
 [  0.107   0.      0.903   0.192   0.   ]
 [ -0.      0.209  -0.     -0.      0.884]] 
----------------------------------------------------------------------------------------
   Cr7   Cr12  (  0,   0,   0)  5.0819   (-0.000,  0.143,  3.160)  3.163 
J_iso:  5.0819 
Orbital contributions:
 isotropic J:
 [[-17.252  -0.      0.06    0.013   0.   ]
 [  0.      7.504  -0.     -0.     -0.246]
 [ -0.014   0.     12.644   0.087   0.   ]
 [  0.101   0.      0.904   0.189   0.   ]
 [  0.      0.211   0.     -0.      0.881]] 
----------------------------------------------------------------------------------------
   Cr9   Cr1   (  0,   0,   0)  5.2942   ( 0.000, -0.143, -3.160)  3.163 
J_iso:  5.2942 
Orbital contributions:
 isotropic J:
 [[-17.235  -0.     -0.003   0.107  -0.   ]
 [ -0.      7.436  -0.      0.      0.209]
 [  0.079  -0.     12.839   0.903  -0.   ]
 [  0.016   0.      0.106   0.192  -0.   ]
 [  0.     -0.238  -0.      0.      0.884]] 
----------------------------------------------------------------------------------------
   Cr12  Cr7   (  0,   0,   0)  5.0819   ( 0.000, -0.143, -3.160)  3.163 
J_iso:  5.0819 
Orbital contributions:
 isotropic J:
 [[-17.252   0.     -0.014   0.101   0.   ]
 [ -0.      7.504   0.      0.      0.211]
 [  0.06   -0.     12.644   0.904   0.   ]
 [  0.013  -0.      0.087   0.189  -0.   ]
 [  0.     -0.246   0.      0.      0.881]] 
----------------------------------------------------------------------------------------
   Cr2   Cr9   (  0,   0,   0)  4.9942   ( 0.000, -0.143, -3.160)  3.163 
J_iso:  4.9942 
Orbital contributions:
 isotropic J:
 [[-17.296  -0.      0.059   0.01    0.   ]
 [ -0.      7.481   0.     -0.     -0.246]
 [ -0.013  -0.     12.617   0.081  -0.   ]
 [  0.101   0.      0.917   0.186   0.   ]
 [ -0.      0.207   0.      0.      0.889]] 
----------------------------------------------------------------------------------------
   Cr8   Cr12  (  0,   0,   0)  5.2939   (-0.000, -0.143, -3.160)  3.163 
J_iso:  5.2939 
Orbital contributions:
 isotropic J:
 [[-17.273   0.      0.078   0.013   0.   ]
 [ -0.      7.461   0.     -0.     -0.241]
 [  0.001  -0.     12.87    0.089  -0.   ]
 [  0.114   0.      0.902   0.186   0.   ]
 [ -0.      0.203  -0.     -0.      0.892]] 
----------------------------------------------------------------------------------------
   Cr9   Cr2   (  0,   0,   0)  4.9942   (-0.000,  0.143,  3.160)  3.163 
J_iso:  4.9942 
Orbital contributions:
 isotropic J:
 [[-17.296  -0.     -0.013   0.101  -0.   ]
 [ -0.      7.481  -0.      0.      0.207]
 [  0.059   0.     12.617   0.917   0.   ]
 [  0.01   -0.      0.081   0.186   0.   ]
 [  0.     -0.246  -0.      0.      0.889]] 
----------------------------------------------------------------------------------------
   Cr12  Cr8   (  0,   0,   0)  5.2939   ( 0.000,  0.143,  3.160)  3.163 
J_iso:  5.2939 
Orbital contributions:
 isotropic J:
 [[-17.273  -0.      0.001   0.114  -0.   ]
 [  0.      7.461  -0.      0.      0.203]
 [  0.078   0.     12.87    0.902  -0.   ]
 [  0.013  -0.      0.089   0.186  -0.   ]
 [  0.     -0.241  -0.      0.      0.892]] 
----------------------------------------------------------------------------------------
   Cr3   Cr10  (  0,   0,  -1)  5.2955   (-0.000, -0.143, -3.160)  3.163 
J_iso:  5.2955 
Orbital contributions:
 isotropic J:
 [[-17.253  -0.      0.087   0.016   0.   ]
 [ -0.      7.454   0.     -0.     -0.237]
 [ -0.006   0.     12.837   0.1     0.   ]
 [  0.111  -0.      0.897   0.195   0.   ]
 [ -0.      0.201   0.      0.      0.894]] 
----------------------------------------------------------------------------------------
   Cr5   Cr11  (  0,   0,  -1)  5.0904   (-0.000, -0.143, -3.160)  3.163 
J_iso:  5.0904 
Orbital contributions:
 isotropic J:
 [[-17.204  -0.      0.061   0.005   0.   ]
 [ -0.      7.461   0.     -0.     -0.239]
 [ -0.002  -0.     12.649   0.06   -0.   ]
 [  0.101  -0.      0.907   0.193  -0.   ]
 [ -0.      0.203   0.      0.      0.897]] 
----------------------------------------------------------------------------------------
   Cr10  Cr3   (  0,   0,   1)  5.2955   ( 0.000,  0.143,  3.160)  3.163 
J_iso:  5.2955 
Orbital contributions:
 isotropic J:
 [[-17.253  -0.     -0.006   0.111  -0.   ]
 [ -0.      7.454   0.     -0.      0.201]
 [  0.087   0.     12.837   0.897   0.   ]
 [  0.016  -0.      0.1     0.195   0.   ]
 [  0.     -0.237   0.      0.      0.894]] 
----------------------------------------------------------------------------------------
   Cr11  Cr5   (  0,   0,   1)  5.0904   ( 0.000,  0.143,  3.160)  3.163 
J_iso:  5.0904 
Orbital contributions:
 isotropic J:
 [[-17.204  -0.     -0.002   0.101  -0.   ]
 [ -0.      7.461  -0.     -0.      0.203]
 [  0.061   0.     12.649   0.907   0.   ]
 [  0.005  -0.      0.06    0.193   0.   ]
 [  0.     -0.239  -0.     -0.      0.897]] 
----------------------------------------------------------------------------------------
   Cr3   Cr7   ( -1,   0,   0)  3.5678   (-1.967,  3.122, -0.150)  3.693 
J_iso:  3.5678 
Orbital contributions:
 isotropic J:
 [[-0.044  1.594  1.269 -0.872 -3.011]
 [ 1.047  0.711 -0.495  0.415  0.247]
 [ 1.022 -0.632  0.862 -0.054  1.57 ]
 [-0.631  0.365 -0.005 -0.063  0.095]
 [-2.466  0.497  1.448  0.047  0.653]] 
----------------------------------------------------------------------------------------
   Cr7   Cr3   (  1,   0,   0)  3.5678   ( 1.967, -3.122,  0.150)  3.693 
J_iso:  3.5678 
Orbital contributions:
 isotropic J:
 [[-0.044  1.047  1.022 -0.631 -2.466]
 [ 1.594  0.711 -0.632  0.365  0.497]
 [ 1.269 -0.495  0.862 -0.005  1.448]
 [-0.872  0.415 -0.054 -0.063  0.047]
 [-3.011  0.247  1.57   0.095  0.653]] 
----------------------------------------------------------------------------------------
   Cr2   Cr6   ( -1,   0,   0)  3.4942   (-1.967,  3.122, -0.150)  3.693 
J_iso:  3.4942 
Orbital contributions:
 isotropic J:
 [[-0.044  1.59   1.274 -0.879 -3.017]
 [ 1.038  0.723 -0.51   0.416  0.241]
 [ 1.031 -0.626  0.847 -0.042  1.552]
 [-0.622  0.368 -0.017 -0.06   0.077]
 [-2.465  0.507  1.422  0.037  0.653]] 
----------------------------------------------------------------------------------------
   Cr1   Cr3   (  0,  -1,   0)  3.5249   (-1.967, -3.122,  0.150)  3.693 
J_iso:  3.5249 
Orbital contributions:
 isotropic J:
 [[-0.043  1.599  1.271 -0.867 -3.023]
 [ 1.04   0.726 -0.518  0.417  0.24 ]
 [ 1.033 -0.633  0.871 -0.064  1.563]
 [-0.638  0.367 -0.016 -0.066  0.093]
 [-2.47   0.505  1.439  0.052  0.647]] 
----------------------------------------------------------------------------------------
   Cr6   Cr8   (  0,  -1,   0)  3.5224   (-1.967, -3.122,  0.150)  3.693 
J_iso:  3.5224 
Orbital contributions:
 isotropic J:
 [[-0.044  1.597  1.252 -0.853 -3.022]
 [ 1.049  0.718 -0.512  0.411  0.249]
 [ 1.02  -0.629  0.893 -0.064  1.549]
 [-0.638  0.365 -0.014 -0.065  0.085]
 [-2.47   0.502  1.422  0.055  0.664]] 
----------------------------------------------------------------------------------------
   Cr3   Cr1   (  0,   1,   0)  3.5249   ( 1.967,  3.122, -0.150)  3.693 
J_iso:  3.5249 
Orbital contributions:
 isotropic J:
 [[-0.043  1.04   1.033 -0.638 -2.47 ]
 [ 1.599  0.726 -0.633  0.367  0.505]
 [ 1.271 -0.518  0.871 -0.016  1.439]
 [-0.867  0.417 -0.064 -0.066  0.052]
 [-3.023  0.24   1.563  0.093  0.647]] 
----------------------------------------------------------------------------------------
   Cr8   Cr6   (  0,   1,   0)  3.5224   ( 1.967,  3.122, -0.150)  3.693 
J_iso:  3.5224 
Orbital contributions:
 isotropic J:
 [[-0.044  1.049  1.02  -0.638 -2.47 ]
 [ 1.597  0.718 -0.629  0.365  0.502]
 [ 1.252 -0.512  0.893 -0.014  1.422]
 [-0.853  0.411 -0.064 -0.065  0.055]
 [-3.022  0.249  1.549  0.085  0.664]] 
----------------------------------------------------------------------------------------
   Cr6   Cr2   (  1,   0,   0)  3.4942   ( 1.967, -3.122,  0.150)  3.693 
J_iso:  3.4942 
Orbital contributions:
 isotropic J:
 [[-0.044  1.038  1.031 -0.622 -2.465]
 [ 1.59   0.723 -0.626  0.368  0.507]
 [ 1.274 -0.51   0.847 -0.017  1.422]
 [-0.879  0.416 -0.042 -0.06   0.037]
 [-3.017  0.241  1.552  0.077  0.653]] 
----------------------------------------------------------------------------------------
   Cr1   Cr5   (  0,   0,   0)  3.5074   ( 1.967, -3.122,  0.150)  3.693 
J_iso:  3.5074 
Orbital contributions:
 isotropic J:
 [[-0.043  1.602  1.257 -0.865 -3.022]
 [ 1.052  0.73  -0.511  0.421  0.241]
 [ 1.034 -0.638  0.865 -0.068  1.554]
 [-0.643  0.363 -0.008 -0.062  0.086]
 [-2.473  0.506  1.443  0.029  0.656]] 
----------------------------------------------------------------------------------------
   Cr2   Cr4   (  0,   0,   0)  3.4745   ( 1.967,  3.122, -0.150)  3.693 
J_iso:  3.4745 
Orbital contributions:
 isotropic J:
 [[-0.045  1.59   1.265 -0.874 -3.017]
 [ 1.052  0.723 -0.505  0.417  0.241]
 [ 1.029 -0.624  0.833 -0.045  1.55 ]
 [-0.629  0.366 -0.017 -0.054  0.071]
 [-2.471  0.503  1.436  0.029  0.651]] 
----------------------------------------------------------------------------------------
   Cr4   Cr2   (  0,   0,   0)  3.4745   (-1.967, -3.122,  0.150)  3.693 
J_iso:  3.4745 
Orbital contributions:
 isotropic J:
 [[-0.045  1.052  1.029 -0.629 -2.471]
 [ 1.59   0.723 -0.624  0.366  0.503]
 [ 1.265 -0.505  0.833 -0.017  1.436]
 [-0.874  0.417 -0.045 -0.054  0.029]
 [-3.017  0.241  1.55   0.071  0.651]] 
----------------------------------------------------------------------------------------
   Cr4   Cr8   (  0,   0,   0)  3.5288   ( 1.967, -3.122,  0.150)  3.693 
J_iso:  3.5288 
Orbital contributions:
 isotropic J:
 [[-0.044  1.584  1.26  -0.868 -3.007]
 [ 1.046  0.708 -0.508  0.415  0.248]
 [ 1.038 -0.613  0.851 -0.047  1.554]
 [-0.635  0.371 -0.016 -0.062  0.083]
 [-2.466  0.505  1.429  0.047  0.657]] 
----------------------------------------------------------------------------------------
   Cr5   Cr1   (  0,   0,   0)  3.5074   (-1.967,  3.122, -0.150)  3.693 
J_iso:  3.5074 
Orbital contributions:
 isotropic J:
 [[-0.043  1.052  1.034 -0.643 -2.473]
 [ 1.602  0.73  -0.638  0.363  0.506]
 [ 1.257 -0.511  0.865 -0.008  1.443]
 [-0.865  0.421 -0.068 -0.062  0.029]
 [-3.022  0.241  1.554  0.086  0.656]] 
----------------------------------------------------------------------------------------
   Cr5   Cr7   (  0,   0,   0)  3.5053   ( 1.967,  3.122, -0.150)  3.693 
J_iso:  3.5053 
Orbital contributions:
 isotropic J:
 [[-0.044  1.59   1.267 -0.879 -3.01 ]
 [ 1.048  0.718 -0.506  0.419  0.248]
 [ 1.025 -0.615  0.824 -0.039  1.548]
 [-0.633  0.378 -0.008 -0.057  0.076]
 [-2.475  0.505  1.434  0.035  0.658]] 
----------------------------------------------------------------------------------------
   Cr7   Cr5   (  0,   0,   0)  3.5053   (-1.967, -3.122,  0.150)  3.693 
J_iso:  3.5053 
Orbital contributions:
 isotropic J:
 [[-0.044  1.048  1.025 -0.633 -2.475]
 [ 1.59   0.718 -0.615  0.378  0.505]
 [ 1.267 -0.506  0.824 -0.008  1.434]
 [-0.879  0.419 -0.039 -0.057  0.035]
 [-3.01   0.248  1.548  0.076  0.658]] 
----------------------------------------------------------------------------------------
   Cr8   Cr4   (  0,   0,   0)  3.5288   (-1.967,  3.122, -0.150)  3.693 
J_iso:  3.5288 
Orbital contributions:
 isotropic J:
 [[-0.044  1.046  1.038 -0.635 -2.466]
 [ 1.584  0.708 -0.613  0.371  0.505]
 [ 1.26  -0.508  0.851 -0.016  1.429]
 [-0.868  0.415 -0.047 -0.062  0.047]
 [-3.007  0.248  1.554  0.083  0.657]] 
----------------------------------------------------------------------------------------
   Cr1   Cr7   ( -1,  -1,   0)  3.6391   (-3.934, -0.000,  0.000)  3.934 
J_iso:  3.6391 
Orbital contributions:
 isotropic J:
 [[ 0.048 -0.037  1.09  -0.886  0.086]
 [-0.013  0.134  0.814 -0.234 -0.377]
 [ 0.826  0.715 -0.086  0.41  -0.006]
 [-0.633 -0.154  0.372  1.84  -0.076]
 [ 0.066 -0.39  -0.013 -0.084  0.227]] 
----------------------------------------------------------------------------------------
   Cr2   Cr8   ( -1,  -1,   0)  3.6816   (-3.934,  0.000,  0.000)  3.934 
J_iso:  3.6816 
Orbital contributions:
 isotropic J:
 [[ 0.053 -0.035  1.101 -0.895  0.085]
 [-0.015  0.13   0.805 -0.23  -0.376]
 [ 0.828  0.713 -0.087  0.414 -0.008]
 [-0.625 -0.154  0.384  1.861 -0.078]
 [ 0.065 -0.388 -0.014 -0.082  0.231]] 
----------------------------------------------------------------------------------------
   Cr7   Cr1   (  1,   1,   0)  3.6391   ( 3.934,  0.000,  0.000)  3.934 
J_iso:  3.6391 
Orbital contributions:
 isotropic J:
 [[ 0.048 -0.013  0.826 -0.633  0.066]
 [-0.037  0.134  0.715 -0.154 -0.39 ]
 [ 1.09   0.814 -0.086  0.372 -0.013]
 [-0.886 -0.234  0.41   1.84  -0.084]
 [ 0.086 -0.377 -0.006 -0.076  0.227]] 
----------------------------------------------------------------------------------------
   Cr8   Cr2   (  1,   1,   0)  3.6816   ( 3.934, -0.000,  0.000)  3.934 
J_iso:  3.6816 
Orbital contributions:
 isotropic J:
 [[ 0.053 -0.015  0.828 -0.625  0.065]
 [-0.035  0.13   0.713 -0.154 -0.388]
 [ 1.101  0.805 -0.087  0.384 -0.014]
 [-0.895 -0.23   0.414  1.861 -0.082]
 [ 0.085 -0.376 -0.008 -0.078  0.231]] 
----------------------------------------------------------------------------------------
   Cr4   Cr6   ( -1,   0,   0)  3.7002   (-3.934, -0.000,  0.000)  3.934 
J_iso:  3.7002 
Orbital contributions:
 isotropic J:
 [[ 0.051 -0.035  1.105 -0.892  0.088]
 [-0.015  0.149  0.808 -0.223 -0.376]
 [ 0.834  0.723 -0.082  0.398 -0.008]
 [-0.618 -0.155  0.379  1.834 -0.076]
 [ 0.068 -0.387 -0.015 -0.081  0.227]] 
----------------------------------------------------------------------------------------
   Cr10  Cr11  (  0,   1,   0) -0.8913   ( 3.934,  0.000,  0.000)  3.934 
J_iso: -0.8913 
Orbital contributions:
 isotropic J:
 [[-0.025 -0.    -1.326 -0.786 -0.   ]
 [ 0.     0.211  0.     0.    -1.008]
 [-1.26   0.    -0.736  1.781 -0.   ]
 [-0.849  0.     1.853  1.852  0.   ]
 [ 0.    -1.002  0.     0.     0.404]] 
----------------------------------------------------------------------------------------
   Cr6   Cr4   (  1,   0,   0)  3.7002   ( 3.934,  0.000,  0.000)  3.934 
J_iso:  3.7002 
Orbital contributions:
 isotropic J:
 [[ 0.051 -0.015  0.834 -0.618  0.068]
 [-0.035  0.149  0.723 -0.155 -0.387]
 [ 1.105  0.808 -0.082  0.379 -0.015]
 [-0.892 -0.223  0.398  1.834 -0.081]
 [ 0.088 -0.376 -0.008 -0.076  0.227]] 
----------------------------------------------------------------------------------------
   Cr11  Cr10  (  1,   0,   0) -1.0024   ( 3.934,  0.000,  0.000)  3.934 
J_iso: -1.0024 
Orbital contributions:
 isotropic J:
 [[-0.021 -0.    -1.332 -0.803  0.   ]
 [-0.     0.215  0.     0.    -0.99 ]
 [-1.258  0.    -0.732  1.763  0.   ]
 [-0.864 -0.     1.845  1.753 -0.   ]
 [ 0.    -0.988  0.     0.     0.41 ]] 
----------------------------------------------------------------------------------------
   Cr9   Cr12  ( -1,  -1,   0) -1.0001   (-3.934,  0.000,  0.000)  3.934 
J_iso: -1.0001 
Orbital contributions:
 isotropic J:
 [[-0.02   0.    -1.253 -0.861 -0.   ]
 [-0.     0.188 -0.    -0.    -1.02 ]
 [-1.329  0.    -0.729  1.872 -0.   ]
 [-0.789 -0.     1.768  1.79   0.   ]
 [-0.    -1.023 -0.     0.     0.408]] 
----------------------------------------------------------------------------------------
   Cr3   Cr5   ( -1,   0,   0)  3.7092   (-3.934, -0.000,  0.000)  3.934 
J_iso:  3.7092 
Orbital contributions:
 isotropic J:
 [[ 0.049 -0.035  1.087 -0.882  0.088]
 [-0.015  0.154  0.801 -0.227 -0.373]
 [ 0.83   0.719 -0.079  0.405 -0.007]
 [-0.619 -0.153  0.381  1.844 -0.072]
 [ 0.066 -0.389 -0.015 -0.084  0.234]] 
----------------------------------------------------------------------------------------
   Cr10  Cr11  ( -1,   0,   0) -1.0024   (-3.934,  0.000,  0.000)  3.934 
J_iso: -1.0024 
Orbital contributions:
 isotropic J:
 [[-0.021 -0.    -1.258 -0.864  0.   ]
 [-0.     0.215  0.    -0.    -0.988]
 [-1.332  0.    -0.732  1.845  0.   ]
 [-0.803  0.     1.763  1.753  0.   ]
 [ 0.    -0.99   0.    -0.     0.41 ]] 
----------------------------------------------------------------------------------------
   Cr5   Cr3   (  0,  -1,   0)  3.6443   (-3.934,  0.000,  0.000)  3.934 
J_iso:  3.6443 
Orbital contributions:
 isotropic J:
 [[ 0.052 -0.035  1.094 -0.884  0.085]
 [-0.013  0.148  0.808 -0.231 -0.374]
 [ 0.822  0.713 -0.086  0.393 -0.006]
 [-0.616 -0.157  0.368  1.831 -0.076]
 [ 0.064 -0.385 -0.013 -0.083  0.226]] 
----------------------------------------------------------------------------------------
   Cr11  Cr10  (  0,  -1,   0) -0.8913   (-3.934,  0.000,  0.000)  3.934 
J_iso: -0.8913 
Orbital contributions:
 isotropic J:
 [[-0.025  0.    -1.26  -0.849  0.   ]
 [-0.     0.211  0.     0.    -1.002]
 [-1.326  0.    -0.736  1.853  0.   ]
 [-0.786  0.     1.781  1.852  0.   ]
 [-0.    -1.008 -0.     0.     0.404]] 
----------------------------------------------------------------------------------------
   Cr9   Cr12  (  0,   0,   0) -0.9245   ( 3.934,  0.000,  0.000)  3.934 
J_iso: -0.9245 
Orbital contributions:
 isotropic J:
 [[-0.021  0.    -1.254 -0.858  0.   ]
 [ 0.     0.221 -0.     0.    -0.984]
 [-1.335  0.    -0.732  1.853  0.   ]
 [-0.795  0.     1.762  1.784 -0.   ]
 [ 0.    -0.985 -0.     0.     0.421]] 
----------------------------------------------------------------------------------------
   Cr12  Cr9   (  0,   0,   0) -0.9245   (-3.934,  0.000,  0.000)  3.934 
J_iso: -0.9245 
Orbital contributions:
 isotropic J:
 [[-0.021  0.    -1.335 -0.795  0.   ]
 [ 0.     0.221  0.     0.    -0.985]
 [-1.254 -0.    -0.732  1.762 -0.   ]
 [-0.858  0.     1.853  1.784  0.   ]
 [ 0.    -0.984  0.    -0.     0.421]] 
----------------------------------------------------------------------------------------
   Cr3   Cr5   (  0,   1,   0)  3.6443   ( 3.934, -0.000,  0.000)  3.934 
J_iso:  3.6443 
Orbital contributions:
 isotropic J:
 [[ 0.052 -0.013  0.822 -0.616  0.064]
 [-0.035  0.148  0.713 -0.157 -0.385]
 [ 1.094  0.808 -0.086  0.368 -0.013]
 [-0.884 -0.231  0.393  1.831 -0.083]
 [ 0.085 -0.374 -0.006 -0.076  0.226]] 
----------------------------------------------------------------------------------------
   Cr5   Cr3   (  1,   0,   0)  3.7092   ( 3.934,  0.000,  0.000)  3.934 
J_iso:  3.7092 
Orbital contributions:
 isotropic J:
 [[ 0.049 -0.015  0.83  -0.619  0.066]
 [-0.035  0.154  0.719 -0.153 -0.389]
 [ 1.087  0.801 -0.079  0.381 -0.015]
 [-0.882 -0.227  0.405  1.844 -0.084]
 [ 0.088 -0.373 -0.007 -0.072  0.234]] 
----------------------------------------------------------------------------------------
   Cr12  Cr9   (  1,   1,   0) -1.0001   ( 3.934,  0.000,  0.000)  3.934 
J_iso: -1.0001 
Orbital contributions:
 isotropic J:
 [[-0.02  -0.    -1.329 -0.789 -0.   ]
 [ 0.     0.188  0.    -0.    -1.023]
 [-1.253 -0.    -0.729  1.768 -0.   ]
 [-0.861 -0.     1.872  1.79   0.   ]
 [-0.    -1.02  -0.     0.     0.408]] 
----------------------------------------------------------------------------------------
   Cr6   Cr4   (  0,  -1,   0)  3.7427   (-3.934,  0.000,  0.000)  3.934 
J_iso:  3.7427 
Orbital contributions:
 isotropic J:
 [[ 0.048 -0.035  1.089 -0.887  0.087]
 [-0.013  0.155  0.81  -0.233 -0.371]
 [ 0.847  0.718 -0.082  0.413 -0.006]
 [-0.624 -0.157  0.386  1.856 -0.073]
 [ 0.066 -0.38  -0.015 -0.086  0.23 ]] 
----------------------------------------------------------------------------------------
   Cr4   Cr6   (  0,   1,   0)  3.7427   ( 3.934, -0.000,  0.000)  3.934 
J_iso:  3.7427 
Orbital contributions:
 isotropic J:
 [[ 0.048 -0.013  0.847 -0.624  0.066]
 [-0.035  0.155  0.718 -0.157 -0.38 ]
 [ 1.089  0.81  -0.082  0.386 -0.015]
 [-0.887 -0.233  0.413  1.856 -0.086]
 [ 0.087 -0.371 -0.006 -0.073  0.23 ]] 
----------------------------------------------------------------------------------------
   Cr1   Cr7   (  0,   0,   0)  3.7145   ( 3.934, -0.000,  0.000)  3.934 
J_iso:  3.7145 
Orbital contributions:
 isotropic J:
 [[ 0.051 -0.034  1.092 -0.875  0.088]
 [-0.014  0.148  0.81  -0.232 -0.374]
 [ 0.835  0.712 -0.084  0.407 -0.005]
 [-0.626 -0.155  0.379  1.851 -0.072]
 [ 0.066 -0.388 -0.015 -0.082  0.232]] 
----------------------------------------------------------------------------------------
   Cr2   Cr8   (  0,   0,   0)  3.7532   ( 3.934,  0.000,  0.000)  3.934 
J_iso:  3.7532 
Orbital contributions:
 isotropic J:
 [[ 0.055 -0.032  1.097 -0.892  0.087]
 [-0.014  0.147  0.812 -0.229 -0.376]
 [ 0.834  0.72  -0.085  0.411 -0.007]
 [-0.614 -0.154  0.376  1.875 -0.074]
 [ 0.067 -0.389 -0.013 -0.082  0.233]] 
----------------------------------------------------------------------------------------
   Cr7   Cr1   (  0,   0,   0)  3.7145   (-3.934,  0.000,  0.000)  3.934 
J_iso:  3.7145 
Orbital contributions:
 isotropic J:
 [[ 0.051 -0.014  0.835 -0.626  0.066]
 [-0.034  0.148  0.712 -0.155 -0.388]
 [ 1.092  0.81  -0.084  0.379 -0.015]
 [-0.875 -0.232  0.407  1.851 -0.082]
 [ 0.088 -0.374 -0.005 -0.072  0.232]] 
----------------------------------------------------------------------------------------
   Cr8   Cr2   (  0,   0,   0)  3.7532   (-3.934, -0.000,  0.000)  3.934 
J_iso:  3.7532 
Orbital contributions:
 isotropic J:
 [[ 0.055 -0.014  0.834 -0.614  0.067]
 [-0.032  0.147  0.72  -0.154 -0.389]
 [ 1.097  0.812 -0.085  0.376 -0.013]
 [-0.892 -0.229  0.411  1.875 -0.082]
 [ 0.087 -0.376 -0.007 -0.074  0.233]] 
----------------------------------------------------------------------------------------
   Cr1   Cr5   ( -1,   0,   0)  4.3525   (-1.967,  3.692,  0.150)  4.186 
J_iso:  4.3525 
Orbital contributions:
 isotropic J:
 [[-0.347  0.272  0.201  0.166  0.088]
 [ 0.206  0.051  1.14  -0.306  0.076]
 [ 0.203  1.207 -0.406  0.012 -0.195]
 [ 0.174 -0.25   0.057  0.64   0.212]
 [ 0.156  0.113 -0.06   0.183  0.76 ]] 
----------------------------------------------------------------------------------------
   Cr4   Cr8   ( -1,   0,   0)  4.2893   (-1.967,  3.692,  0.150)  4.186 
J_iso:  4.2893 
Orbital contributions:
 isotropic J:
 [[-0.34   0.278  0.198  0.163  0.084]
 [ 0.203  0.052  1.139 -0.317  0.072]
 [ 0.195  1.199 -0.406  0.005 -0.195]
 [ 0.166 -0.257  0.056  0.634  0.212]
 [ 0.152  0.11  -0.059  0.179  0.765]] 
----------------------------------------------------------------------------------------
   Cr2   Cr4   (  0,  -1,   0)  4.3178   (-1.967, -3.692, -0.150)  4.186 
J_iso:  4.3178 
Orbital contributions:
 isotropic J:
 [[-0.346  0.281  0.199  0.164  0.077]
 [ 0.204  0.05   1.138 -0.313  0.075]
 [ 0.204  1.196 -0.394  0.011 -0.194]
 [ 0.171 -0.255  0.06   0.637  0.205]
 [ 0.153  0.109 -0.059  0.183  0.762]] 
----------------------------------------------------------------------------------------
   Cr4   Cr2   (  0,   1,   0)  4.3178   ( 1.967,  3.692,  0.150)  4.186 
J_iso:  4.3178 
Orbital contributions:
 isotropic J:
 [[-0.346  0.204  0.204  0.171  0.153]
 [ 0.281  0.05   1.196 -0.255  0.109]
 [ 0.199  1.138 -0.394  0.06  -0.059]
 [ 0.164 -0.313  0.011  0.637  0.183]
 [ 0.077  0.075 -0.194  0.205  0.762]] 
----------------------------------------------------------------------------------------
   Cr5   Cr1   (  1,   0,   0)  4.3525   ( 1.967, -3.692, -0.150)  4.186 
J_iso:  4.3525 
Orbital contributions:
 isotropic J:
 [[-0.347  0.206  0.203  0.174  0.156]
 [ 0.272  0.051  1.207 -0.25   0.113]
 [ 0.201  1.14  -0.406  0.057 -0.06 ]
 [ 0.166 -0.306  0.012  0.64   0.183]
 [ 0.088  0.076 -0.195  0.212  0.76 ]] 
----------------------------------------------------------------------------------------
   Cr5   Cr7   (  0,  -1,   0)  4.3637   (-1.967, -3.692, -0.150)  4.186 
J_iso:  4.3637 
Orbital contributions:
 isotropic J:
 [[-0.347  0.277  0.201  0.168  0.086]
 [ 0.208  0.054  1.143 -0.307  0.072]
 [ 0.198  1.192 -0.386  0.004 -0.195]
 [ 0.173 -0.252  0.055  0.635  0.211]
 [ 0.157  0.11  -0.051  0.186  0.771]] 
----------------------------------------------------------------------------------------
   Cr7   Cr5   (  0,   1,   0)  4.3637   ( 1.967,  3.692,  0.150)  4.186 
J_iso:  4.3637 
Orbital contributions:
 isotropic J:
 [[-0.347  0.208  0.198  0.173  0.157]
 [ 0.277  0.054  1.192 -0.252  0.11 ]
 [ 0.201  1.143 -0.386  0.055 -0.051]
 [ 0.168 -0.307  0.004  0.635  0.186]
 [ 0.086  0.072 -0.195  0.211  0.771]] 
----------------------------------------------------------------------------------------
   Cr8   Cr4   (  1,   0,   0)  4.2893   ( 1.967, -3.692, -0.150)  4.186 
J_iso:  4.2893 
Orbital contributions:
 isotropic J:
 [[-0.34   0.203  0.195  0.166  0.152]
 [ 0.278  0.052  1.199 -0.257  0.11 ]
 [ 0.198  1.139 -0.406  0.056 -0.059]
 [ 0.163 -0.317  0.005  0.634  0.179]
 [ 0.084  0.072 -0.195  0.212  0.765]] 
----------------------------------------------------------------------------------------
   Cr1   Cr3   (  0,   0,   0)  4.3633   ( 1.967,  3.692,  0.150)  4.186 
J_iso:  4.3633 
Orbital contributions:
 isotropic J:
 [[-0.35   0.269  0.203  0.167  0.09 ]
 [ 0.199  0.049  1.151 -0.31   0.076]
 [ 0.199  1.21  -0.394  0.017 -0.2  ]
 [ 0.174 -0.247  0.052  0.636  0.211]
 [ 0.159  0.112 -0.064  0.183  0.768]] 
----------------------------------------------------------------------------------------
   Cr3   Cr1   (  0,   0,   0)  4.3633   (-1.967, -3.692, -0.150)  4.186 
J_iso:  4.3633 
Orbital contributions:
 isotropic J:
 [[-0.35   0.199  0.199  0.174  0.159]
 [ 0.269  0.049  1.21  -0.247  0.112]
 [ 0.203  1.151 -0.394  0.052 -0.064]
 [ 0.167 -0.31   0.017  0.636  0.183]
 [ 0.09   0.076 -0.2    0.211  0.768]] 
----------------------------------------------------------------------------------------
   Cr2   Cr6   (  0,   0,   0)  4.3488   ( 1.967, -3.692, -0.150)  4.186 
J_iso:  4.3488 
Orbital contributions:
 isotropic J:
 [[-0.35   0.281  0.202  0.167  0.08 ]
 [ 0.201  0.051  1.145 -0.313  0.075]
 [ 0.2    1.21  -0.403  0.006 -0.186]
 [ 0.17  -0.242  0.044  0.637  0.205]
 [ 0.155  0.111 -0.052  0.191  0.763]] 
----------------------------------------------------------------------------------------
   Cr3   Cr7   (  0,   0,   0)  4.3300   ( 1.967, -3.692, -0.150)  4.186 
J_iso:  4.3300 
Orbital contributions:
 isotropic J:
 [[-0.355  0.274  0.199  0.161  0.086]
 [ 0.207  0.054  1.144 -0.306  0.072]
 [ 0.195  1.191 -0.398  0.011 -0.192]
 [ 0.173 -0.248  0.057  0.636  0.204]
 [ 0.156  0.109 -0.05   0.187  0.765]] 
----------------------------------------------------------------------------------------
   Cr6   Cr2   (  0,   0,   0)  4.3488   (-1.967,  3.692,  0.150)  4.186 
J_iso:  4.3488 
Orbital contributions:
 isotropic J:
 [[-0.35   0.201  0.2    0.17   0.155]
 [ 0.281  0.051  1.21  -0.242  0.111]
 [ 0.202  1.145 -0.403  0.044 -0.052]
 [ 0.167 -0.313  0.006  0.637  0.191]
 [ 0.08   0.075 -0.186  0.205  0.763]] 
----------------------------------------------------------------------------------------
   Cr6   Cr8   (  0,   0,   0)  4.3019   ( 1.967,  3.692,  0.150)  4.186 
J_iso:  4.3019 
Orbital contributions:
 isotropic J:
 [[-0.351  0.276  0.199  0.16   0.088]
 [ 0.205  0.055  1.141 -0.306  0.072]
 [ 0.192  1.193 -0.416  0.007 -0.184]
 [ 0.166 -0.245  0.054  0.635  0.204]
 [ 0.158  0.108 -0.058  0.183  0.767]] 
----------------------------------------------------------------------------------------
   Cr7   Cr3   (  0,   0,   0)  4.3300   (-1.967,  3.692,  0.150)  4.186 
J_iso:  4.3300 
Orbital contributions:
 isotropic J:
 [[-0.355  0.207  0.195  0.173  0.156]
 [ 0.274  0.054  1.191 -0.248  0.109]
 [ 0.199  1.144 -0.398  0.057 -0.05 ]
 [ 0.161 -0.306  0.011  0.636  0.187]
 [ 0.086  0.072 -0.192  0.204  0.765]] 
----------------------------------------------------------------------------------------
   Cr8   Cr6   (  0,   0,   0)  4.3019   (-1.967, -3.692, -0.150)  4.186 
J_iso:  4.3019 
Orbital contributions:
 isotropic J:
 [[-0.351  0.205  0.192  0.166  0.158]
 [ 0.276  0.055  1.193 -0.245  0.108]
 [ 0.199  1.141 -0.416  0.054 -0.058]
 [ 0.16  -0.306  0.007  0.635  0.183]
 [ 0.088  0.072 -0.184  0.204  0.767]] 
----------------------------------------------------------------------------------------
   Cr11  Cr8   (  0,  -1,   0)  8.7269   (-1.967, -3.264, -3.010)  4.857 
J_iso:  8.7269 
Orbital contributions:
 isotropic J:
 [[-0.172 -0.551  0.117 -0.006  0.997]
 [ 0.041  0.428  0.49   0.065  0.323]
 [ 0.011  3.144 -0.029  1.086 -1.392]
 [-0.527  1.138 -0.256  1.224  1.22 ]
 [-0.008  0.709  0.348  0.193  0.136]] 
----------------------------------------------------------------------------------------
   Cr8   Cr11  (  0,   1,   0)  8.7269   ( 1.967,  3.264,  3.010)  4.857 
J_iso:  8.7269 
Orbital contributions:
 isotropic J:
 [[-0.172  0.041  0.011 -0.527 -0.008]
 [-0.551  0.428  3.144  1.138  0.709]
 [ 0.117  0.49  -0.029 -0.256  0.348]
 [-0.006  0.065  1.086  1.224  0.193]
 [ 0.997  0.323 -1.392  1.22   0.136]] 
----------------------------------------------------------------------------------------
   Cr2   Cr11  ( -1,   0,   0)  8.6701   (-1.967,  3.264,  3.010)  4.857 
J_iso:  8.6701 
Orbital contributions:
 isotropic J:
 [[-0.17   0.047  0.032 -0.545 -0.014]
 [-0.288  0.523  2.898  1.132  0.633]
 [ 0.108  0.485 -0.03  -0.146  0.292]
 [ 0.005  0.099  1.101  1.077  0.208]
 [ 0.729  0.242 -1.093  1.164  0.182]] 
----------------------------------------------------------------------------------------
   Cr9   Cr3   (  0,  -1,   0)  8.6758   (-1.967, -3.264, -3.010)  4.857 
J_iso:  8.6758 
Orbital contributions:
 isotropic J:
 [[-0.172 -0.551  0.117 -0.008  0.992]
 [ 0.04   0.427  0.495  0.062  0.325]
 [ 0.014  3.145 -0.031  1.076 -1.367]
 [-0.53   1.102 -0.254  1.215  1.216]
 [-0.005  0.707  0.339  0.187  0.134]] 
----------------------------------------------------------------------------------------
   Cr2   Cr10  (  0,   0,   0)  8.5238   ( 1.967,  3.264,  3.010)  4.857 
J_iso:  8.5238 
Orbital contributions:
 isotropic J:
 [[-0.171  0.049  0.031 -0.546 -0.014]
 [-0.287  0.525  2.852  1.104  0.621]
 [ 0.109  0.485 -0.024 -0.141  0.289]
 [ 0.006  0.098  1.063  1.053  0.202]
 [ 0.733  0.24  -1.103  1.169  0.181]] 
----------------------------------------------------------------------------------------
   Cr8   Cr10  (  0,   0,   0)  8.5205   (-1.967,  3.264,  3.010)  4.857 
J_iso:  8.5205 
Orbital contributions:
 isotropic J:
 [[-0.171  0.048  0.031 -0.547 -0.014]
 [-0.282  0.539  2.834  1.091  0.626]
 [ 0.109  0.477 -0.024 -0.143  0.292]
 [ 0.006  0.103  1.07   1.055  0.21 ]
 [ 0.733  0.25  -1.117  1.165  0.18 ]] 
----------------------------------------------------------------------------------------
   Cr10  Cr2   (  0,   0,   0)  8.5238   (-1.967, -3.264, -3.010)  4.857 
J_iso:  8.5238 
Orbital contributions:
 isotropic J:
 [[-0.171 -0.287  0.109  0.006  0.733]
 [ 0.049  0.525  0.485  0.098  0.24 ]
 [ 0.031  2.852 -0.024  1.063 -1.103]
 [-0.546  1.104 -0.141  1.053  1.169]
 [-0.014  0.621  0.289  0.202  0.181]] 
----------------------------------------------------------------------------------------
   Cr10  Cr8   (  0,   0,   0)  8.5205   ( 1.967, -3.264, -3.010)  4.857 
J_iso:  8.5205 
Orbital contributions:
 isotropic J:
 [[-0.171 -0.282  0.109  0.006  0.733]
 [ 0.048  0.539  0.477  0.103  0.25 ]
 [ 0.031  2.834 -0.024  1.07  -1.117]
 [-0.547  1.091 -0.143  1.055  1.165]
 [-0.014  0.626  0.292  0.21   0.18 ]] 
----------------------------------------------------------------------------------------
   Cr3   Cr9   (  0,   1,   0)  8.6758   ( 1.967,  3.264,  3.010)  4.857 
J_iso:  8.6758 
Orbital contributions:
 isotropic J:
 [[-0.172  0.04   0.014 -0.53  -0.005]
 [-0.551  0.427  3.145  1.102  0.707]
 [ 0.117  0.495 -0.031 -0.254  0.339]
 [-0.008  0.062  1.076  1.215  0.187]
 [ 0.992  0.325 -1.367  1.216  0.134]] 
----------------------------------------------------------------------------------------
   Cr11  Cr2   (  1,   0,   0)  8.6701   ( 1.967, -3.264, -3.010)  4.857 
J_iso:  8.6701 
Orbital contributions:
 isotropic J:
 [[-0.17  -0.288  0.108  0.005  0.729]
 [ 0.047  0.523  0.485  0.099  0.242]
 [ 0.032  2.898 -0.03   1.101 -1.093]
 [-0.545  1.132 -0.146  1.077  1.164]
 [-0.014  0.633  0.292  0.208  0.182]] 
----------------------------------------------------------------------------------------
   Cr12  Cr3   (  1,   0,   0)  8.4991   ( 1.967, -3.264, -3.010)  4.857 
J_iso:  8.4991 
Orbital contributions:
 isotropic J:
 [[-0.172 -0.29   0.108  0.006  0.736]
 [ 0.049  0.531  0.486  0.107  0.242]
 [ 0.033  2.818 -0.037  1.072 -1.095]
 [-0.549  1.074 -0.146  1.062  1.166]
 [-0.016  0.635  0.296  0.202  0.18 ]] 
----------------------------------------------------------------------------------------
   Cr3   Cr12  ( -1,   0,   0)  8.4991   (-1.967,  3.264,  3.010)  4.857 
J_iso:  8.4991 
Orbital contributions:
 isotropic J:
 [[-0.172  0.049  0.033 -0.549 -0.016]
 [-0.29   0.531  2.818  1.074  0.635]
 [ 0.108  0.486 -0.037 -0.146  0.296]
 [ 0.006  0.107  1.072  1.062  0.202]
 [ 0.736  0.242 -1.095  1.166  0.18 ]] 
----------------------------------------------------------------------------------------
   Cr9   Cr6   ( -1,   0,   0)  8.4847   (-1.967,  3.264,  3.010)  4.857 
J_iso:  8.4847 
Orbital contributions:
 isotropic J:
 [[-0.173 -0.554  0.119 -0.007  0.998]
 [ 0.039  0.423  0.499  0.062  0.322]
 [ 0.012  3.063 -0.031  1.034 -1.365]
 [-0.521  1.04  -0.242  1.174  1.225]
 [-0.005  0.707  0.338  0.193  0.137]] 
----------------------------------------------------------------------------------------
   Cr6   Cr9   (  1,   0,   0)  8.4847   ( 1.967, -3.264, -3.010)  4.857 
J_iso:  8.4847 
Orbital contributions:
 isotropic J:
 [[-0.173  0.039  0.012 -0.521 -0.005]
 [-0.554  0.423  3.063  1.04   0.707]
 [ 0.119  0.499 -0.031 -0.242  0.338]
 [-0.007  0.062  1.034  1.174  0.193]
 [ 0.998  0.322 -1.365  1.225  0.137]] 
----------------------------------------------------------------------------------------
   Cr7   Cr10  (  1,   0,  -1)  8.6601   ( 1.967, -3.264, -3.010)  4.857 
J_iso:  8.6601 
Orbital contributions:
 isotropic J:
 [[-0.169  0.049  0.031 -0.538 -0.015]
 [-0.289  0.518  2.92   1.127  0.63 ]
 [ 0.107  0.487 -0.041 -0.142  0.292]
