exchange:
{
FourSpin = FALSE;
Scale = [ 1.0 , 1.0 , 1.0 ];
MaxInteractions = 14;
TruncateExchange = FALSE;
};

        exchange_0_0:
{ 
Num_Interactions = 14;
units = "eV";
UnitCell1 = [-2.00000e+00 , -1.00000e+00 , 0.00000e+00 ];
J1_1 = [1.32379517e-03 , 0.00000000e+00, 0.00000000e+00];
J1_2 = [0.00000000e+00 , 1.32379517e-03, 0.00000000e+00];
J1_3 = [0.00000000e+00 , 0.00000000e+00, 1.32379517e-03];
UnitCell2 = [-1.00000e+00 , -2.00000e+00 , 0.00000e+00 ];
J2_1 = [1.27255019e-03 , 0.00000000e+00, 0.00000000e+00];
J2_2 = [0.00000000e+00 , 1.27255019e-03, 0.00000000e+00];
J2_3 = [0.00000000e+00 , 0.00000000e+00, 1.27255019e-03];
UnitCell3 = [-1.00000e+00 , -1.00000e+00 , 0.00000e+00 ];
J3_1 = [4.70816768e-03 , 0.00000000e+00, 0.00000000e+00];
J3_2 = [0.00000000e+00 , 4.70816768e-03, 0.00000000e+00];
J3_3 = [0.00000000e+00 , 0.00000000e+00, 4.70816768e-03];
UnitCell4 = [-1.00000e+00 , 0.00000e+00 , 0.00000e+00 ];
J4_1 = [4.83744055e-03 , 0.00000000e+00, 0.00000000e+00];
J4_2 = [0.00000000e+00 , 4.83744055e-03, 0.00000000e+00];
J4_3 = [0.00000000e+00 , 0.00000000e+00, 4.83744055e-03];
UnitCell5 = [-1.00000e+00 , 1.00000e+00 , 0.00000e+00 ];
J5_1 = [1.33212529e-03 , 0.00000000e+00, 0.00000000e+00];
J5_2 = [0.00000000e+00 , 1.33212529e-03, 0.00000000e+00];
J5_3 = [0.00000000e+00 , 0.00000000e+00, 1.33212529e-03];
UnitCell6 = [0.00000e+00 , -1.00000e+00 , 0.00000e+00 ];
J6_1 = [4.70721365e-03 , 0.00000000e+00, 0.00000000e+00];
J6_2 = [0.00000000e+00 , 4.70721365e-03, 0.00000000e+00];
J6_3 = [0.00000000e+00 , 0.00000000e+00, 4.70721365e-03];
UnitCell7 = [0.00000e+00 , 0.00000e+00 , -1.00000e+00 ];
J7_1 = [4.51592615e-04 , 0.00000000e+00, 0.00000000e+00];
J7_2 = [0.00000000e+00 , 4.51592615e-04, 0.00000000e+00];
J7_3 = [0.00000000e+00 , 0.00000000e+00, 4.51592615e-04];
UnitCell8 = [0.00000e+00 , 0.00000e+00 , 1.00000e+00 ];
J8_1 = [4.51592615e-04 , 0.00000000e+00, 0.00000000e+00];
J8_2 = [0.00000000e+00 , 4.51592615e-04, 0.00000000e+00];
J8_3 = [0.00000000e+00 , 0.00000000e+00, 4.51592615e-04];
UnitCell9 = [0.00000e+00 , 1.00000e+00 , 0.00000e+00 ];
J9_1 = [4.70721365e-03 , 0.00000000e+00, 0.00000000e+00];
J9_2 = [0.00000000e+00 , 4.70721365e-03, 0.00000000e+00];
J9_3 = [0.00000000e+00 , 0.00000000e+00, 4.70721365e-03];
UnitCell10 = [1.00000e+00 , -1.00000e+00 , 0.00000e+00 ];
J10_1 = [1.33212529e-03 , 0.00000000e+00, 0.00000000e+00];
J10_2 = [0.00000000e+00 , 1.33212529e-03, 0.00000000e+00];
J10_3 = [0.00000000e+00 , 0.00000000e+00, 1.33212529e-03];
UnitCell11 = [1.00000e+00 , 0.00000e+00 , 0.00000e+00 ];
J11_1 = [4.83744055e-03 , 0.00000000e+00, 0.00000000e+00];
J11_2 = [0.00000000e+00 , 4.83744055e-03, 0.00000000e+00];
J11_3 = [0.00000000e+00 , 0.00000000e+00, 4.83744055e-03];
UnitCell12 = [1.00000e+00 , 1.00000e+00 , 0.00000e+00 ];
J12_1 = [4.70816768e-03 , 0.00000000e+00, 0.00000000e+00];
J12_2 = [0.00000000e+00 , 4.70816768e-03, 0.00000000e+00];
J12_3 = [0.00000000e+00 , 0.00000000e+00, 4.70816768e-03];
UnitCell13 = [1.00000e+00 , 2.00000e+00 , 0.00000e+00 ];
J13_1 = [1.27255019e-03 , 0.00000000e+00, 0.00000000e+00];
J13_2 = [0.00000000e+00 , 1.27255019e-03, 0.00000000e+00];
J13_3 = [0.00000000e+00 , 0.00000000e+00, 1.27255019e-03];
UnitCell14 = [2.00000e+00 , 1.00000e+00 , 0.00000e+00 ];
J14_1 = [1.32379517e-03 , 0.00000000e+00, 0.00000000e+00];
J14_2 = [0.00000000e+00 , 1.32379517e-03, 0.00000000e+00];
J14_3 = [0.00000000e+00 , 0.00000000e+00, 1.32379517e-03];
};
