<?xml version="1.0" ?>
<System_definition>
	<unit_cell units="bohrradius">1.49288e+01	0.00000e+00	0.00000e+00	
-7.46442e+00	1.29288e+01	0.00000e+00	
0.00000e+00	0.00000e+00	1.17163e+01</unit_cell>
	<atom mass="5.19961e+01" massunits="atomicmassunit" damping_factor="1.00000" gyroratio="1.00000e+00" index_spin="1">
		<position units="bohrradius">0.00000e+00	0.00000e+00	5.85815e+00</position>
		<spinat>6.98750e-04	-4.40179e-04	3.83140e+00</spinat>
	</atom>
	<atom mass="5.19961e+01" massunits="atomicmassunit" damping_factor="1.00000" gyroratio="1.00000e+00" index_spin="2">
		<position units="bohrradius">3.73221e+00	6.46438e+00	0.00000e+00</position>
		<spinat>-3.05124e-02	1.76285e-02	3.60087e+00</spinat>
	</atom>
	<atom mass="5.19961e+01" massunits="atomicmassunit" damping_factor="1.00000" gyroratio="1.00000e+00" index_spin="3">
		<position units="bohrradius">7.46442e+00	0.00000e+00	0.00000e+00</position>
		<spinat>1.00282e-04	-3.51657e-02	3.60057e+00</spinat>
	</atom>
	<atom mass="5.19961e+01" massunits="atomicmassunit" damping_factor="1.00000" gyroratio="1.00000e+00" index_spin="4">
		<position units="bohrradius">-3.73221e+00	6.46438e+00	0.00000e+00</position>
		<spinat>3.05382e-02	1.75208e-02	3.60048e+00</spinat>
	</atom>
	<atom mass="5.19961e+01" massunits="atomicmassunit" damping_factor="1.00000" gyroratio="1.00000e+00" index_spin="5">
		<position units="bohrradius">0.00000e+00	0.00000e+00	0.00000e+00</position>
		<spinat>-2.53454e-04	-3.18925e-07	3.65134e+00</spinat>
	</atom>
	<atom mass="1.27600e+02" massunits="atomicmassunit" damping_factor="1.00000" gyroratio="1.00000e+00" index_spin="0">
		<position units="bohrradius">7.46442e+00	4.30958e+00	2.86331e+00</position>
		<spinat>-1.00081e-04	-4.31638e-04	3.64986e-01</spinat>
	</atom>
	<atom mass="1.27600e+02" massunits="atomicmassunit" damping_factor="1.00000" gyroratio="1.00000e+00" index_spin="0">
		<position units="bohrradius">8.46200e-16	8.61917e+00	8.85300e+00</position>
		<spinat>-6.32021e-06	5.12231e-04	3.64794e-01</spinat>
	</atom>
	<atom mass="1.27600e+02" massunits="atomicmassunit" damping_factor="1.00000" gyroratio="1.00000e+00" index_spin="0">
		<position units="bohrradius">8.08892e-16	4.36142e+00	2.92085e+00</position>
		<spinat>5.82650e-05	-1.04593e-03	-3.00310e-01</spinat>
	</atom>
	<atom mass="1.27600e+02" massunits="atomicmassunit" damping_factor="1.00000" gyroratio="1.00000e+00" index_spin="0">
		<position units="bohrradius">7.46442e+00	8.56733e+00	8.79546e+00</position>
		<spinat>1.82109e-04	-1.07863e-03	-3.00252e-01</spinat>
	</atom>
	<atom mass="1.27600e+02" massunits="atomicmassunit" damping_factor="1.00000" gyroratio="1.00000e+00" index_spin="0">
		<position units="bohrradius">3.68732e+00	1.07480e+01	2.92085e+00</position>
		<spinat>9.86587e-04	7.03143e-04	-2.99635e-01</spinat>
	</atom>
	<atom mass="1.27600e+02" massunits="atomicmassunit" damping_factor="1.00000" gyroratio="1.00000e+00" index_spin="0">
		<position units="bohrradius">1.11517e+01	2.18071e+00	8.79546e+00</position>
		<spinat>-1.15239e-03	4.24736e-04	-3.00142e-01</spinat>
	</atom>
	<atom mass="1.27600e+02" massunits="atomicmassunit" damping_factor="1.00000" gyroratio="1.00000e+00" index_spin="0">
		<position units="bohrradius">3.77710e+00	2.18071e+00	8.79546e+00</position>
		<spinat>7.75735e-04	5.43745e-04	-3.00036e-01</spinat>
	</atom>
	<atom mass="1.27600e+02" massunits="atomicmassunit" damping_factor="1.00000" gyroratio="1.00000e+00" index_spin="0">
		<position units="bohrradius">-3.68732e+00	1.07480e+01	2.92085e+00</position>
		<spinat>-8.44915e-04	5.60512e-04	-2.99716e-01</spinat>
	</atom>
	<spin_exchange_list units="eV">
		<nterms>86</nterms>
		<spin_exchange_term>
			<ijR>1 1 0 0 -1</ijR>
			<data>1.84223e-03 	 1.84223e-03 	 1.84223e-03</data>
		</spin_exchange_term>
		<spin_exchange_term>
			<ijR>2 1 0 0 -1</ijR>
			<data>5.20648e-03 	 5.20648e-03 	 5.20648e-03</data>
		</spin_exchange_term>
		<spin_exchange_term>
			<ijR>2 2 0 0 -1</ijR>
			<data>5.28057e-04 	 5.28057e-04 	 5.28057e-04</data>
		</spin_exchange_term>
		<spin_exchange_term>
			<ijR>3 1 0 0 -1</ijR>
			<data>5.25330e-03 	 5.25330e-03 	 5.25330e-03</data>
		</spin_exchange_term>
		<spin_exchange_term>
			<ijR>3 3 0 0 -1</ijR>
			<data>5.42014e-04 	 5.42014e-04 	 5.42014e-04</data>
		</spin_exchange_term>
		<spin_exchange_term>
			<ijR>4 1 0 0 -1</ijR>
			<data>5.23480e-03 	 5.23480e-03 	 5.23480e-03</data>
		</spin_exchange_term>
		<spin_exchange_term>
			<ijR>4 4 0 0 -1</ijR>
			<data>5.40609e-04 	 5.40609e-04 	 5.40609e-04</data>
		</spin_exchange_term>
		<spin_exchange_term>
			<ijR>5 1 0 0 -1</ijR>
			<data>-4.78412e-04 	 -4.78412e-04 	 -4.78412e-04</data>
		</spin_exchange_term>
		<spin_exchange_term>
			<ijR>5 5 0 0 -1</ijR>
			<data>1.37480e-03 	 1.37480e-03 	 1.37480e-03</data>
		</spin_exchange_term>
		<spin_exchange_term>
			<ijR>1 2 0 0 0</ijR>
			<data>5.19432e-03 	 5.19432e-03 	 5.19432e-03</data>
		</spin_exchange_term>
		<spin_exchange_term>
			<ijR>1 3 0 0 0</ijR>
			<data>5.26871e-03 	 5.26871e-03 	 5.26871e-03</data>
		</spin_exchange_term>
		<spin_exchange_term>
			<ijR>1 4 0 0 0</ijR>
			<data>5.24913e-03 	 5.24913e-03 	 5.24913e-03</data>
		</spin_exchange_term>
		<spin_exchange_term>
			<ijR>1 5 0 0 0</ijR>
			<data>-5.36228e-04 	 -5.36228e-04 	 -5.36228e-04</data>
		</spin_exchange_term>
		<spin_exchange_term>
			<ijR>2 1 0 0 0</ijR>
			<data>5.19432e-03 	 5.19432e-03 	 5.19432e-03</data>
		</spin_exchange_term>
		<spin_exchange_term>
			<ijR>2 3 0 0 0</ijR>
			<data>4.12572e-03 	 4.12572e-03 	 4.12572e-03</data>
		</spin_exchange_term>
		<spin_exchange_term>
			<ijR>2 4 0 0 0</ijR>
			<data>4.09061e-03 	 4.09061e-03 	 4.09061e-03</data>
		</spin_exchange_term>
		<spin_exchange_term>
			<ijR>2 5 0 0 0</ijR>
			<data>8.14471e-03 	 8.14471e-03 	 8.14471e-03</data>
		</spin_exchange_term>
		<spin_exchange_term>
			<ijR>3 1 0 0 0</ijR>
			<data>5.26871e-03 	 5.26871e-03 	 5.26871e-03</data>
		</spin_exchange_term>
		<spin_exchange_term>
			<ijR>3 2 0 0 0</ijR>
			<data>4.12572e-03 	 4.12572e-03 	 4.12572e-03</data>
		</spin_exchange_term>
		<spin_exchange_term>
			<ijR>3 4 0 0 0</ijR>
			<data>7.33397e-04 	 7.33397e-04 	 7.33397e-04</data>
		</spin_exchange_term>
		<spin_exchange_term>
			<ijR>3 5 0 0 0</ijR>
			<data>8.12574e-03 	 8.12574e-03 	 8.12574e-03</data>
		</spin_exchange_term>
		<spin_exchange_term>
			<ijR>4 1 0 0 0</ijR>
			<data>5.24913e-03 	 5.24913e-03 	 5.24913e-03</data>
		</spin_exchange_term>
		<spin_exchange_term>
			<ijR>4 2 0 0 0</ijR>
			<data>4.09061e-03 	 4.09061e-03 	 4.09061e-03</data>
		</spin_exchange_term>
		<spin_exchange_term>
			<ijR>4 3 0 0 0</ijR>
			<data>7.33397e-04 	 7.33397e-04 	 7.33397e-04</data>
		</spin_exchange_term>
		<spin_exchange_term>
			<ijR>4 5 0 0 0</ijR>
			<data>8.14742e-03 	 8.14742e-03 	 8.14742e-03</data>
		</spin_exchange_term>
		<spin_exchange_term>
			<ijR>5 1 0 0 0</ijR>
			<data>-5.36228e-04 	 -5.36228e-04 	 -5.36228e-04</data>
		</spin_exchange_term>
		<spin_exchange_term>
			<ijR>5 2 0 0 0</ijR>
			<data>8.14471e-03 	 8.14471e-03 	 8.14471e-03</data>
		</spin_exchange_term>
		<spin_exchange_term>
			<ijR>5 3 0 0 0</ijR>
			<data>8.12574e-03 	 8.12574e-03 	 8.12574e-03</data>
		</spin_exchange_term>
		<spin_exchange_term>
			<ijR>5 4 0 0 0</ijR>
			<data>8.14742e-03 	 8.14742e-03 	 8.14742e-03</data>
		</spin_exchange_term>
		<spin_exchange_term>
			<ijR>1 1 0 0 1</ijR>
			<data>1.84223e-03 	 1.84223e-03 	 1.84223e-03</data>
		</spin_exchange_term>
		<spin_exchange_term>
			<ijR>1 2 0 0 1</ijR>
			<data>5.20648e-03 	 5.20648e-03 	 5.20648e-03</data>
		</spin_exchange_term>
		<spin_exchange_term>
			<ijR>1 3 0 0 1</ijR>
			<data>5.25330e-03 	 5.25330e-03 	 5.25330e-03</data>
		</spin_exchange_term>
		<spin_exchange_term>
			<ijR>1 4 0 0 1</ijR>
			<data>5.23480e-03 	 5.23480e-03 	 5.23480e-03</data>
		</spin_exchange_term>
		<spin_exchange_term>
			<ijR>1 5 0 0 1</ijR>
			<data>-4.78412e-04 	 -4.78412e-04 	 -4.78412e-04</data>
		</spin_exchange_term>
		<spin_exchange_term>
			<ijR>2 2 0 0 1</ijR>
			<data>5.28057e-04 	 5.28057e-04 	 5.28057e-04</data>
		</spin_exchange_term>
		<spin_exchange_term>
			<ijR>3 3 0 0 1</ijR>
			<data>5.42014e-04 	 5.42014e-04 	 5.42014e-04</data>
		</spin_exchange_term>
		<spin_exchange_term>
			<ijR>4 4 0 0 1</ijR>
			<data>5.40609e-04 	 5.40609e-04 	 5.40609e-04</data>
		</spin_exchange_term>
		<spin_exchange_term>
			<ijR>5 5 0 0 1</ijR>
			<data>1.37480e-03 	 1.37480e-03 	 1.37480e-03</data>
		</spin_exchange_term>
		<spin_exchange_term>
			<ijR>1 2 -1 -1 0</ijR>
			<data>5.20904e-03 	 5.20904e-03 	 5.20904e-03</data>
		</spin_exchange_term>
		<spin_exchange_term>
			<ijR>3 2 -1 -1 0</ijR>
			<data>7.40486e-04 	 7.40486e-04 	 7.40486e-04</data>
		</spin_exchange_term>
		<spin_exchange_term>
			<ijR>4 2 -1 -1 0</ijR>
			<data>7.31821e-04 	 7.31821e-04 	 7.31821e-04</data>
		</spin_exchange_term>
		<spin_exchange_term>
			<ijR>5 2 -1 -1 0</ijR>
			<data>8.14050e-03 	 8.14050e-03 	 8.14050e-03</data>
		</spin_exchange_term>
		<spin_exchange_term>
			<ijR>5 3 -1 -1 0</ijR>
			<data>5.62104e-04 	 5.62104e-04 	 5.62104e-04</data>
		</spin_exchange_term>
		<spin_exchange_term>
			<ijR>5 4 -1 -1 0</ijR>
			<data>5.69630e-04 	 5.69630e-04 	 5.69630e-04</data>
		</spin_exchange_term>
		<spin_exchange_term>
			<ijR>1 2 -1 -1 1</ijR>
			<data>5.21547e-03 	 5.21547e-03 	 5.21547e-03</data>
		</spin_exchange_term>
		<spin_exchange_term>
			<ijR>1 3 -1 0 0</ijR>
			<data>5.26265e-03 	 5.26265e-03 	 5.26265e-03</data>
		</spin_exchange_term>
		<spin_exchange_term>
			<ijR>2 3 -1 0 0</ijR>
			<data>7.33681e-04 	 7.33681e-04 	 7.33681e-04</data>
		</spin_exchange_term>
		<spin_exchange_term>
			<ijR>4 2 -1 0 0</ijR>
			<data>4.07692e-03 	 4.07692e-03 	 4.07692e-03</data>
		</spin_exchange_term>
		<spin_exchange_term>
			<ijR>4 3 -1 0 0</ijR>
			<data>4.10354e-03 	 4.10354e-03 	 4.10354e-03</data>
		</spin_exchange_term>
		<spin_exchange_term>
			<ijR>4 5 -1 0 0</ijR>
			<data>5.67929e-04 	 5.67929e-04 	 5.67929e-04</data>
		</spin_exchange_term>
		<spin_exchange_term>
			<ijR>5 2 -1 0 0</ijR>
			<data>5.69526e-04 	 5.69526e-04 	 5.69526e-04</data>
		</spin_exchange_term>
		<spin_exchange_term>
			<ijR>5 3 -1 0 0</ijR>
			<data>8.13054e-03 	 8.13054e-03 	 8.13054e-03</data>
		</spin_exchange_term>
		<spin_exchange_term>
			<ijR>1 3 -1 0 1</ijR>
			<data>5.26017e-03 	 5.26017e-03 	 5.26017e-03</data>
		</spin_exchange_term>
		<spin_exchange_term>
			<ijR>1 4 0 -1 0</ijR>
			<data>5.23947e-03 	 5.23947e-03 	 5.23947e-03</data>
		</spin_exchange_term>
		<spin_exchange_term>
			<ijR>2 4 0 -1 0</ijR>
			<data>7.27630e-04 	 7.27630e-04 	 7.27630e-04</data>
		</spin_exchange_term>
		<spin_exchange_term>
			<ijR>3 2 0 -1 0</ijR>
			<data>4.12125e-03 	 4.12125e-03 	 4.12125e-03</data>
		</spin_exchange_term>
		<spin_exchange_term>
			<ijR>3 4 0 -1 0</ijR>
			<data>4.10025e-03 	 4.10025e-03 	 4.10025e-03</data>
		</spin_exchange_term>
		<spin_exchange_term>
			<ijR>3 5 0 -1 0</ijR>
			<data>5.66591e-04 	 5.66591e-04 	 5.66591e-04</data>
		</spin_exchange_term>
		<spin_exchange_term>
			<ijR>5 2 0 -1 0</ijR>
			<data>5.74031e-04 	 5.74031e-04 	 5.74031e-04</data>
		</spin_exchange_term>
		<spin_exchange_term>
			<ijR>5 4 0 -1 0</ijR>
			<data>8.15860e-03 	 8.15860e-03 	 8.15860e-03</data>
		</spin_exchange_term>
		<spin_exchange_term>
			<ijR>1 4 0 -1 1</ijR>
			<data>5.25787e-03 	 5.25787e-03 	 5.25787e-03</data>
		</spin_exchange_term>
		<spin_exchange_term>
			<ijR>2 1 1 1 -1</ijR>
			<data>5.21547e-03 	 5.21547e-03 	 5.21547e-03</data>
		</spin_exchange_term>
		<spin_exchange_term>
			<ijR>2 1 1 1 0</ijR>
			<data>5.20904e-03 	 5.20904e-03 	 5.20904e-03</data>
		</spin_exchange_term>
		<spin_exchange_term>
			<ijR>2 3 1 1 0</ijR>
			<data>7.40486e-04 	 7.40486e-04 	 7.40486e-04</data>
		</spin_exchange_term>
		<spin_exchange_term>
			<ijR>2 4 1 1 0</ijR>
			<data>7.31821e-04 	 7.31821e-04 	 7.31821e-04</data>
		</spin_exchange_term>
		<spin_exchange_term>
			<ijR>2 5 1 1 0</ijR>
			<data>8.14050e-03 	 8.14050e-03 	 8.14050e-03</data>
		</spin_exchange_term>
		<spin_exchange_term>
			<ijR>3 5 1 1 0</ijR>
			<data>5.62104e-04 	 5.62104e-04 	 5.62104e-04</data>
		</spin_exchange_term>
		<spin_exchange_term>
			<ijR>4 5 1 1 0</ijR>
			<data>5.69630e-04 	 5.69630e-04 	 5.69630e-04</data>
		</spin_exchange_term>
		<spin_exchange_term>
			<ijR>2 3 0 1 0</ijR>
			<data>4.12125e-03 	 4.12125e-03 	 4.12125e-03</data>
		</spin_exchange_term>
		<spin_exchange_term>
			<ijR>2 5 0 1 0</ijR>
			<data>5.74031e-04 	 5.74031e-04 	 5.74031e-04</data>
		</spin_exchange_term>
		<spin_exchange_term>
			<ijR>4 1 0 1 0</ijR>
			<data>5.23947e-03 	 5.23947e-03 	 5.23947e-03</data>
		</spin_exchange_term>
		<spin_exchange_term>
			<ijR>4 2 0 1 0</ijR>
			<data>7.27630e-04 	 7.27630e-04 	 7.27630e-04</data>
		</spin_exchange_term>
		<spin_exchange_term>
			<ijR>4 3 0 1 0</ijR>
			<data>4.10025e-03 	 4.10025e-03 	 4.10025e-03</data>
		</spin_exchange_term>
		<spin_exchange_term>
			<ijR>4 5 0 1 0</ijR>
			<data>8.15860e-03 	 8.15860e-03 	 8.15860e-03</data>
		</spin_exchange_term>
		<spin_exchange_term>
			<ijR>5 3 0 1 0</ijR>
			<data>5.66591e-04 	 5.66591e-04 	 5.66591e-04</data>
		</spin_exchange_term>
		<spin_exchange_term>
			<ijR>2 4 1 0 0</ijR>
			<data>4.07692e-03 	 4.07692e-03 	 4.07692e-03</data>
		</spin_exchange_term>
		<spin_exchange_term>
			<ijR>2 5 1 0 0</ijR>
			<data>5.69526e-04 	 5.69526e-04 	 5.69526e-04</data>
		</spin_exchange_term>
		<spin_exchange_term>
			<ijR>3 1 1 0 0</ijR>
			<data>5.26265e-03 	 5.26265e-03 	 5.26265e-03</data>
		</spin_exchange_term>
		<spin_exchange_term>
			<ijR>3 2 1 0 0</ijR>
			<data>7.33681e-04 	 7.33681e-04 	 7.33681e-04</data>
		</spin_exchange_term>
		<spin_exchange_term>
			<ijR>3 4 1 0 0</ijR>
			<data>4.10354e-03 	 4.10354e-03 	 4.10354e-03</data>
		</spin_exchange_term>
		<spin_exchange_term>
			<ijR>3 5 1 0 0</ijR>
			<data>8.13054e-03 	 8.13054e-03 	 8.13054e-03</data>
		</spin_exchange_term>
		<spin_exchange_term>
			<ijR>5 4 1 0 0</ijR>
			<data>5.67929e-04 	 5.67929e-04 	 5.67929e-04</data>
		</spin_exchange_term>
		<spin_exchange_term>
			<ijR>3 1 1 0 -1</ijR>
			<data>5.26017e-03 	 5.26017e-03 	 5.26017e-03</data>
		</spin_exchange_term>
		<spin_exchange_term>
			<ijR>3 4 1 -1 0</ijR>
			<data>7.44586e-04 	 7.44586e-04 	 7.44586e-04</data>
		</spin_exchange_term>
		<spin_exchange_term>
			<ijR>4 1 0 1 -1</ijR>
			<data>5.25787e-03 	 5.25787e-03 	 5.25787e-03</data>
		</spin_exchange_term>
		<spin_exchange_term>
			<ijR>4 3 -1 1 0</ijR>
			<data>7.44586e-04 	 7.44586e-04 	 7.44586e-04</data>
		</spin_exchange_term>
	</spin_exchange_list>
	<spin_DMI_list units="eV">
		<nterms>86</nterms>
		<spin_DMI_term>
			<ijR>1 1 0 0 -1</ijR>
			<data>-4.25339e-06 	 2.84822e-05 	 -8.42077e-06</data>
		</spin_DMI_term>
		<spin_DMI_term>
			<ijR>2 1 0 0 -1</ijR>
			<data>-6.30757e-04 	 -5.68692e-04 	 -9.95031e-04</data>
		</spin_DMI_term>
		<spin_DMI_term>
			<ijR>2 2 0 0 -1</ijR>
			<data>8.44137e-06 	 -6.42446e-06 	 -3.86921e-06</data>
		</spin_DMI_term>
		<spin_DMI_term>
			<ijR>3 1 0 0 -1</ijR>
			<data>8.37645e-04 	 3.08943e-04 	 9.82063e-04</data>
		</spin_DMI_term>
		<spin_DMI_term>
			<ijR>3 3 0 0 -1</ijR>
			<data>-2.22754e-06 	 3.23692e-06 	 2.93378e-06</data>
		</spin_DMI_term>
		<spin_DMI_term>
			<ijR>4 1 0 0 -1</ijR>
			<data>-6.32294e-04 	 6.27033e-04 	 9.93042e-04</data>
		</spin_DMI_term>
		<spin_DMI_term>
			<ijR>4 4 0 0 -1</ijR>
			<data>-5.04420e-06 	 -5.20367e-10 	 -2.65334e-06</data>
		</spin_DMI_term>
		<spin_DMI_term>
			<ijR>5 1 0 0 -1</ijR>
			<data>-1.10181e-05 	 -1.06398e-05 	 -5.18505e-06</data>
		</spin_DMI_term>
		<spin_DMI_term>
			<ijR>5 5 0 0 -1</ijR>
			<data>-2.68779e-07 	 -2.13522e-06 	 2.56765e-06</data>
		</spin_DMI_term>
		<spin_DMI_term>
			<ijR>1 2 0 0 0</ijR>
			<data>1.74321e-04 	 8.34183e-04 	 -1.00662e-03</data>
		</spin_DMI_term>
		<spin_DMI_term>
			<ijR>1 3 0 0 0</ijR>
			<data>-8.35313e-04 	 2.85352e-04 	 1.00015e-03</data>
		</spin_DMI_term>
		<spin_DMI_term>
			<ijR>1 4 0 0 0</ijR>
			<data>1.51806e-04 	 -9.27029e-04 	 9.49294e-04</data>
		</spin_DMI_term>
		<spin_DMI_term>
			<ijR>1 5 0 0 0</ijR>
			<data>-9.89574e-06 	 9.41877e-06 	 8.30257e-06</data>
		</spin_DMI_term>
		<spin_DMI_term>
			<ijR>2 1 0 0 0</ijR>
			<data>-1.74321e-04 	 -8.34183e-04 	 1.00662e-03</data>
		</spin_DMI_term>
		<spin_DMI_term>
			<ijR>2 3 0 0 0</ijR>
			<data>1.36231e-05 	 1.50238e-05 	 -4.42883e-04</data>
		</spin_DMI_term>
		<spin_DMI_term>
			<ijR>2 4 0 0 0</ijR>
			<data>-5.66116e-06 	 -2.96362e-06 	 4.29630e-04</data>
		</spin_DMI_term>
		<spin_DMI_term>
			<ijR>2 5 0 0 0</ijR>
			<data>-1.12200e-04 	 -1.87614e-04 	 1.48635e-05</data>
		</spin_DMI_term>
		<spin_DMI_term>
			<ijR>3 1 0 0 0</ijR>
			<data>8.35313e-04 	 -2.85352e-04 	 -1.00015e-03</data>
		</spin_DMI_term>
		<spin_DMI_term>
			<ijR>3 2 0 0 0</ijR>
			<data>-1.36231e-05 	 -1.50238e-05 	 4.42883e-04</data>
		</spin_DMI_term>
		<spin_DMI_term>
			<ijR>3 4 0 0 0</ijR>
			<data>-1.82355e-04 	 1.00041e-04 	 -4.07779e-05</data>
		</spin_DMI_term>
		<spin_DMI_term>
			<ijR>3 5 0 0 0</ijR>
			<data>2.20728e-04 	 5.49428e-06 	 -5.93524e-06</data>
		</spin_DMI_term>
		<spin_DMI_term>
			<ijR>4 1 0 0 0</ijR>
			<data>-1.51806e-04 	 9.27029e-04 	 -9.49294e-04</data>
		</spin_DMI_term>
		<spin_DMI_term>
			<ijR>4 2 0 0 0</ijR>
			<data>5.66116e-06 	 2.96362e-06 	 -4.29630e-04</data>
		</spin_DMI_term>
		<spin_DMI_term>
			<ijR>4 3 0 0 0</ijR>
			<data>1.82355e-04 	 -1.00041e-04 	 4.07779e-05</data>
		</spin_DMI_term>
		<spin_DMI_term>
			<ijR>4 5 0 0 0</ijR>
			<data>-1.18040e-04 	 1.87658e-04 	 -4.18870e-06</data>
		</spin_DMI_term>
		<spin_DMI_term>
			<ijR>5 1 0 0 0</ijR>
			<data>9.89574e-06 	 -9.41877e-06 	 -8.30257e-06</data>
		</spin_DMI_term>
		<spin_DMI_term>
			<ijR>5 2 0 0 0</ijR>
			<data>1.12200e-04 	 1.87614e-04 	 -1.48635e-05</data>
		</spin_DMI_term>
		<spin_DMI_term>
			<ijR>5 3 0 0 0</ijR>
			<data>-2.20728e-04 	 -5.49428e-06 	 5.93524e-06</data>
		</spin_DMI_term>
		<spin_DMI_term>
			<ijR>5 4 0 0 0</ijR>
			<data>1.18040e-04 	 -1.87658e-04 	 4.18870e-06</data>
		</spin_DMI_term>
		<spin_DMI_term>
			<ijR>1 1 0 0 1</ijR>
			<data>4.25339e-06 	 -2.84822e-05 	 8.42077e-06</data>
		</spin_DMI_term>
		<spin_DMI_term>
			<ijR>1 2 0 0 1</ijR>
			<data>6.30757e-04 	 5.68692e-04 	 9.95031e-04</data>
		</spin_DMI_term>
		<spin_DMI_term>
			<ijR>1 3 0 0 1</ijR>
			<data>-8.37645e-04 	 -3.08943e-04 	 -9.82063e-04</data>
		</spin_DMI_term>
		<spin_DMI_term>
			<ijR>1 4 0 0 1</ijR>
			<data>6.32294e-04 	 -6.27033e-04 	 -9.93042e-04</data>
		</spin_DMI_term>
		<spin_DMI_term>
			<ijR>1 5 0 0 1</ijR>
			<data>1.10181e-05 	 1.06398e-05 	 5.18505e-06</data>
		</spin_DMI_term>
		<spin_DMI_term>
			<ijR>2 2 0 0 1</ijR>
			<data>-8.44137e-06 	 6.42446e-06 	 3.86921e-06</data>
		</spin_DMI_term>
		<spin_DMI_term>
			<ijR>3 3 0 0 1</ijR>
			<data>2.22754e-06 	 -3.23692e-06 	 -2.93378e-06</data>
		</spin_DMI_term>
		<spin_DMI_term>
			<ijR>4 4 0 0 1</ijR>
			<data>5.04420e-06 	 5.20367e-10 	 2.65334e-06</data>
		</spin_DMI_term>
		<spin_DMI_term>
			<ijR>5 5 0 0 1</ijR>
			<data>2.68779e-07 	 2.13522e-06 	 -2.56765e-06</data>
		</spin_DMI_term>
		<spin_DMI_term>
			<ijR>1 2 -1 -1 0</ijR>
			<data>6.92907e-04 	 5.62781e-04 	 9.82134e-04</data>
		</spin_DMI_term>
		<spin_DMI_term>
			<ijR>3 2 -1 -1 0</ijR>
			<data>-1.54397e-04 	 -1.00592e-04 	 4.33326e-05</data>
		</spin_DMI_term>
		<spin_DMI_term>
			<ijR>4 2 -1 -1 0</ijR>
			<data>-6.15868e-06 	 -1.63830e-04 	 -4.95014e-05</data>
		</spin_DMI_term>
		<spin_DMI_term>
			<ijR>5 2 -1 -1 0</ijR>
			<data>9.99325e-05 	 1.82863e-04 	 -1.97843e-06</data>
		</spin_DMI_term>
		<spin_DMI_term>
			<ijR>5 3 -1 -1 0</ijR>
			<data>2.29683e-05 	 -4.89934e-06 	 -2.59873e-06</data>
		</spin_DMI_term>
		<spin_DMI_term>
			<ijR>5 4 -1 -1 0</ijR>
			<data>-9.94272e-06 	 9.33961e-06 	 3.47898e-06</data>
		</spin_DMI_term>
		<spin_DMI_term>
			<ijR>1 2 -1 -1 1</ijR>
			<data>1.57070e-04 	 8.91814e-04 	 -9.75047e-04</data>
		</spin_DMI_term>
		<spin_DMI_term>
			<ijR>1 3 -1 0 0</ijR>
			<data>-8.42432e-04 	 -3.07120e-04 	 -9.92348e-04</data>
		</spin_DMI_term>
		<spin_DMI_term>
			<ijR>2 3 -1 0 0</ijR>
			<data>1.56859e-04 	 9.05021e-05 	 -4.43162e-05</data>
		</spin_DMI_term>
		<spin_DMI_term>
			<ijR>4 2 -1 0 0</ijR>
			<data>4.41653e-06 	 3.78384e-06 	 -4.34521e-04</data>
		</spin_DMI_term>
		<spin_DMI_term>
			<ijR>4 3 -1 0 0</ijR>
			<data>3.65388e-05 	 -8.58694e-06 	 4.40909e-04</data>
		</spin_DMI_term>
		<spin_DMI_term>
			<ijR>4 5 -1 0 0</ijR>
			<data>1.41884e-05 	 -1.08086e-05 	 -3.67998e-06</data>
		</spin_DMI_term>
		<spin_DMI_term>
			<ijR>5 2 -1 0 0</ijR>
			<data>-1.16626e-05 	 -1.93700e-05 	 7.31898e-07</data>
		</spin_DMI_term>
		<spin_DMI_term>
			<ijR>5 3 -1 0 0</ijR>
			<data>-2.12735e-04 	 8.10675e-06 	 6.62915e-07</data>
		</spin_DMI_term>
		<spin_DMI_term>
			<ijR>1 3 -1 0 1</ijR>
			<data>-8.45689e-04 	 2.41746e-04 	 9.92592e-04</data>
		</spin_DMI_term>
		<spin_DMI_term>
			<ijR>1 4 0 -1 0</ijR>
			<data>6.00799e-04 	 -6.16229e-04 	 -1.00632e-03</data>
		</spin_DMI_term>
		<spin_DMI_term>
			<ijR>2 4 0 -1 0</ijR>
			<data>-5.78807e-06 	 1.64373e-04 	 4.87800e-05</data>
		</spin_DMI_term>
		<spin_DMI_term>
			<ijR>3 2 0 -1 0</ijR>
			<data>-3.16188e-06 	 -1.38259e-05 	 4.42033e-04</data>
		</spin_DMI_term>
		<spin_DMI_term>
			<ijR>3 4 0 -1 0</ijR>
			<data>-3.51206e-05 	 3.82872e-06 	 -4.27520e-04</data>
		</spin_DMI_term>
		<spin_DMI_term>
			<ijR>3 5 0 -1 0</ijR>
			<data>-2.72758e-05 	 4.88692e-06 	 4.17429e-06</data>
		</spin_DMI_term>
		<spin_DMI_term>
			<ijR>5 2 0 -1 0</ijR>
			<data>-8.99676e-06 	 -2.00241e-05 	 -1.63042e-06</data>
		</spin_DMI_term>
		<spin_DMI_term>
			<ijR>5 4 0 -1 0</ijR>
			<data>1.02880e-04 	 -1.91640e-04 	 4.31249e-06</data>
		</spin_DMI_term>
		<spin_DMI_term>
			<ijR>1 4 0 -1 1</ijR>
			<data>1.46484e-04 	 -9.32011e-04 	 1.01168e-03</data>
		</spin_DMI_term>
		<spin_DMI_term>
			<ijR>2 1 1 1 -1</ijR>
			<data>-1.57070e-04 	 -8.91814e-04 	 9.75047e-04</data>
		</spin_DMI_term>
		<spin_DMI_term>
			<ijR>2 1 1 1 0</ijR>
			<data>-6.92907e-04 	 -5.62781e-04 	 -9.82134e-04</data>
		</spin_DMI_term>
		<spin_DMI_term>
			<ijR>2 3 1 1 0</ijR>
			<data>1.54397e-04 	 1.00592e-04 	 -4.33326e-05</data>
		</spin_DMI_term>
		<spin_DMI_term>
			<ijR>2 4 1 1 0</ijR>
			<data>6.15868e-06 	 1.63830e-04 	 4.95014e-05</data>
		</spin_DMI_term>
		<spin_DMI_term>
			<ijR>2 5 1 1 0</ijR>
			<data>-9.99325e-05 	 -1.82863e-04 	 1.97843e-06</data>
		</spin_DMI_term>
		<spin_DMI_term>
			<ijR>3 5 1 1 0</ijR>
			<data>-2.29683e-05 	 4.89934e-06 	 2.59873e-06</data>
		</spin_DMI_term>
		<spin_DMI_term>
			<ijR>4 5 1 1 0</ijR>
			<data>9.94272e-06 	 -9.33961e-06 	 -3.47898e-06</data>
		</spin_DMI_term>
		<spin_DMI_term>
			<ijR>2 3 0 1 0</ijR>
			<data>3.16188e-06 	 1.38259e-05 	 -4.42033e-04</data>
		</spin_DMI_term>
		<spin_DMI_term>
			<ijR>2 5 0 1 0</ijR>
			<data>8.99676e-06 	 2.00241e-05 	 1.63042e-06</data>
		</spin_DMI_term>
		<spin_DMI_term>
			<ijR>4 1 0 1 0</ijR>
			<data>-6.00799e-04 	 6.16229e-04 	 1.00632e-03</data>
		</spin_DMI_term>
		<spin_DMI_term>
			<ijR>4 2 0 1 0</ijR>
			<data>5.78807e-06 	 -1.64373e-04 	 -4.87800e-05</data>
		</spin_DMI_term>
		<spin_DMI_term>
			<ijR>4 3 0 1 0</ijR>
			<data>3.51206e-05 	 -3.82872e-06 	 4.27520e-04</data>
		</spin_DMI_term>
		<spin_DMI_term>
			<ijR>4 5 0 1 0</ijR>
			<data>-1.02880e-04 	 1.91640e-04 	 -4.31249e-06</data>
		</spin_DMI_term>
		<spin_DMI_term>
			<ijR>5 3 0 1 0</ijR>
			<data>2.72758e-05 	 -4.88692e-06 	 -4.17429e-06</data>
		</spin_DMI_term>
		<spin_DMI_term>
			<ijR>2 4 1 0 0</ijR>
			<data>-4.41653e-06 	 -3.78384e-06 	 4.34521e-04</data>
		</spin_DMI_term>
		<spin_DMI_term>
			<ijR>2 5 1 0 0</ijR>
			<data>1.16626e-05 	 1.93700e-05 	 -7.31898e-07</data>
		</spin_DMI_term>
		<spin_DMI_term>
			<ijR>3 1 1 0 0</ijR>
			<data>8.42432e-04 	 3.07120e-04 	 9.92348e-04</data>
		</spin_DMI_term>
		<spin_DMI_term>
			<ijR>3 2 1 0 0</ijR>
			<data>-1.56859e-04 	 -9.05021e-05 	 4.43162e-05</data>
		</spin_DMI_term>
		<spin_DMI_term>
			<ijR>3 4 1 0 0</ijR>
			<data>-3.65388e-05 	 8.58694e-06 	 -4.40909e-04</data>
		</spin_DMI_term>
		<spin_DMI_term>
			<ijR>3 5 1 0 0</ijR>
			<data>2.12735e-04 	 -8.10675e-06 	 -6.62915e-07</data>
		</spin_DMI_term>
		<spin_DMI_term>
			<ijR>5 4 1 0 0</ijR>
			<data>-1.41884e-05 	 1.08086e-05 	 3.67998e-06</data>
		</spin_DMI_term>
		<spin_DMI_term>
			<ijR>3 1 1 0 -1</ijR>
			<data>8.45689e-04 	 -2.41746e-04 	 -9.92592e-04</data>
		</spin_DMI_term>
		<spin_DMI_term>
			<ijR>3 4 1 -1 0</ijR>
			<data>-1.82243e-04 	 1.07804e-04 	 -4.24518e-05</data>
		</spin_DMI_term>
		<spin_DMI_term>
			<ijR>4 1 0 1 -1</ijR>
			<data>-1.46484e-04 	 9.32011e-04 	 -1.01168e-03</data>
		</spin_DMI_term>
		<spin_DMI_term>
			<ijR>4 3 -1 1 0</ijR>
			<data>1.82243e-04 	 -1.07804e-04 	 4.24518e-05</data>
		</spin_DMI_term>
	</spin_DMI_list>
	<spin_bilinear_list units="eV">
		<nterms>86</nterms>
		<spin_bilinear_term>
			<ijR>1 1 0 0 -1</ijR>
			<data>8.20254e-05	-1.03191e-05	4.44674e-05	-1.03191e-05	7.22221e-05	-8.55406e-05	4.44674e-05	-8.55406e-05	9.50804e-04</data>
		</spin_bilinear_term>
		<spin_bilinear_term>
			<ijR>2 1 0 0 -1</ijR>
			<data>-1.16098e-04	6.52271e-05	2.07663e-04	6.52271e-05	-2.09433e-04	-1.27170e-04	2.07663e-04	-1.27170e-04	9.87926e-04</data>
		</spin_bilinear_term>
		<spin_bilinear_term>
			<ijR>2 2 0 0 -1</ijR>
			<data>9.65393e-06	-2.80255e-05	2.55562e-04	-2.80255e-05	-1.89033e-05	-1.60350e-04	2.55562e-04	-1.60350e-04	-2.64202e-04</data>
		</spin_bilinear_term>
		<spin_bilinear_term>
			<ijR>3 1 0 0 -1</ijR>
			<data>-1.52512e-04	7.02263e-05	-1.94451e-05	7.02263e-05	-2.29310e-04	1.19534e-04	-1.94451e-05	1.19534e-04	3.91109e-04</data>
		</spin_bilinear_term>
		<spin_bilinear_term>
			<ijR>3 3 0 0 -1</ijR>
			<data>-4.98558e-05	-2.56347e-06	-6.18428e-06	-2.56347e-06	8.09187e-06	2.81700e-04	-6.18428e-06	2.81700e-04	-5.65856e-04</data>
		</spin_bilinear_term>
		<spin_bilinear_term>
			<ijR>4 1 0 0 -1</ijR>
			<data>-1.33691e-04	-5.40415e-05	-1.17969e-04	-5.40415e-05	-2.18517e-04	-1.36951e-04	-1.17969e-04	-1.36951e-04	6.06895e-04</data>
		</spin_bilinear_term>
		<spin_bilinear_term>
			<ijR>4 4 0 0 -1</ijR>
			<data>-1.50051e-06	2.28398e-05	-2.51833e-04	2.28398e-05	-3.43880e-05	-1.37372e-04	-2.51833e-04	-1.37372e-04	-5.84058e-04</data>
		</spin_bilinear_term>
		<spin_bilinear_term>
			<ijR>5 1 0 0 -1</ijR>
			<data>-5.47876e-04	1.52368e-06	1.01939e-05	1.52368e-06	-5.44228e-04	-3.66825e-06	1.01939e-05	-3.66825e-06	-2.01219e-02</data>
		</spin_bilinear_term>
		<spin_bilinear_term>
			<ijR>5 5 0 0 -1</ijR>
			<data>-5.65714e-06	-1.04079e-06	6.28456e-06	-1.04079e-06	-7.10702e-06	-2.15188e-06	6.28456e-06	-2.15188e-06	-2.66697e-03</data>
		</spin_bilinear_term>
		<spin_bilinear_term>
			<ijR>1 2 0 0 0</ijR>
			<data>-2.38113e-04	-1.17413e-05	1.79128e-04	-1.17413e-05	-7.88564e-05	-1.17736e-04	1.79128e-04	-1.17736e-04	8.88191e-04</data>
		</spin_bilinear_term>
		<spin_bilinear_term>
			<ijR>1 3 0 0 0</ijR>
			<data>-1.59970e-04	-7.50957e-05	4.32578e-05	-7.50957e-05	-2.18575e-04	1.17420e-04	4.32578e-05	1.17420e-04	4.94911e-04</data>
		</spin_bilinear_term>
		<spin_bilinear_term>
			<ijR>1 4 0 0 0</ijR>
			<data>-2.64008e-04	3.92850e-06	-1.65898e-04	3.92850e-06	-1.04058e-04	-1.90879e-05	-1.65898e-04	-1.90879e-05	5.25133e-04</data>
		</spin_bilinear_term>
		<spin_bilinear_term>
			<ijR>1 5 0 0 0</ijR>
			<data>-5.49296e-04	2.54621e-06	1.86790e-06	2.54621e-06	-5.53956e-04	1.54116e-05	1.86790e-06	1.54116e-05	-2.00115e-02</data>
		</spin_bilinear_term>
		<spin_bilinear_term>
			<ijR>2 1 0 0 0</ijR>
			<data>-2.38113e-04	-1.17413e-05	1.79128e-04	-1.17413e-05	-7.88564e-05	-1.17736e-04	1.79128e-04	-1.17736e-04	8.88191e-04</data>
		</spin_bilinear_term>
		<spin_bilinear_term>
			<ijR>2 3 0 0 0</ijR>
			<data>-4.18568e-04	-2.07873e-04	2.74974e-04	-2.07873e-04	-1.84689e-04	1.46533e-04	2.74974e-04	1.46533e-04	-9.08391e-03</data>
		</spin_bilinear_term>
		<spin_bilinear_term>
			<ijR>2 4 0 0 0</ijR>
			<data>-5.58929e-05	-6.58973e-07	-1.10331e-06	-6.58973e-07	-5.34002e-04	-3.10215e-04	-1.10331e-06	-3.10215e-04	-9.06307e-03</data>
		</spin_bilinear_term>
		<spin_bilinear_term>
			<ijR>2 5 0 0 0</ijR>
			<data>-4.73426e-04	1.27292e-04	1.10128e-04	1.27292e-04	-3.23868e-04	-6.27237e-05	1.10128e-04	-6.27237e-05	-1.68522e-02</data>
		</spin_bilinear_term>
		<spin_bilinear_term>
			<ijR>3 1 0 0 0</ijR>
			<data>-1.59970e-04	-7.50957e-05	4.32578e-05	-7.50957e-05	-2.18575e-04	1.17420e-04	4.32578e-05	1.17420e-04	4.94911e-04</data>
		</spin_bilinear_term>
		<spin_bilinear_term>
			<ijR>3 2 0 0 0</ijR>
			<data>-4.18568e-04	-2.07873e-04	2.74974e-04	-2.07873e-04	-1.84689e-04	1.46533e-04	2.74974e-04	1.46533e-04	-9.08391e-03</data>
		</spin_bilinear_term>
		<spin_bilinear_term>
			<ijR>3 4 0 0 0</ijR>
			<data>-3.56645e-05	-1.55181e-05	-7.19296e-05	-1.55181e-05	-5.22075e-05	3.21852e-05	-7.19296e-05	3.21852e-05	-1.68145e-03</data>
		</spin_bilinear_term>
		<spin_bilinear_term>
			<ijR>3 5 0 0 0</ijR>
			<data>-2.56217e-04	-1.10160e-06	-3.25497e-06	-1.10160e-06	-5.45864e-04	1.24451e-04	-3.25497e-06	1.24451e-04	-1.68503e-02</data>
		</spin_bilinear_term>
		<spin_bilinear_term>
			<ijR>4 1 0 0 0</ijR>
			<data>-2.64008e-04	3.92850e-06	-1.65898e-04	3.92850e-06	-1.04058e-04	-1.90879e-05	-1.65898e-04	-1.90879e-05	5.25133e-04</data>
		</spin_bilinear_term>
		<spin_bilinear_term>
			<ijR>4 2 0 0 0</ijR>
			<data>-5.58929e-05	-6.58973e-07	-1.10331e-06	-6.58973e-07	-5.34002e-04	-3.10215e-04	-1.10331e-06	-3.10215e-04	-9.06307e-03</data>
		</spin_bilinear_term>
		<spin_bilinear_term>
			<ijR>4 3 0 0 0</ijR>
			<data>-3.56645e-05	-1.55181e-05	-7.19296e-05	-1.55181e-05	-5.22075e-05	3.21852e-05	-7.19296e-05	3.21852e-05	-1.68145e-03</data>
		</spin_bilinear_term>
		<spin_bilinear_term>
			<ijR>4 5 0 0 0</ijR>
			<data>-4.68853e-04	-1.26530e-04	-1.07256e-04	-1.26530e-04	-3.28112e-04	-5.98503e-05	-1.07256e-04	-5.98503e-05	-1.68827e-02</data>
		</spin_bilinear_term>
		<spin_bilinear_term>
			<ijR>5 1 0 0 0</ijR>
			<data>-5.49296e-04	2.54621e-06	1.86790e-06	2.54621e-06	-5.53956e-04	1.54116e-05	1.86790e-06	1.54116e-05	-2.00115e-02</data>
		</spin_bilinear_term>
		<spin_bilinear_term>
			<ijR>5 2 0 0 0</ijR>
			<data>-4.73426e-04	1.27292e-04	1.10128e-04	1.27292e-04	-3.23868e-04	-6.27237e-05	1.10128e-04	-6.27237e-05	-1.68522e-02</data>
		</spin_bilinear_term>
		<spin_bilinear_term>
			<ijR>5 3 0 0 0</ijR>
			<data>-2.56217e-04	-1.10160e-06	-3.25497e-06	-1.10160e-06	-5.45864e-04	1.24451e-04	-3.25497e-06	1.24451e-04	-1.68503e-02</data>
		</spin_bilinear_term>
		<spin_bilinear_term>
			<ijR>5 4 0 0 0</ijR>
			<data>-4.68853e-04	-1.26530e-04	-1.07256e-04	-1.26530e-04	-3.28112e-04	-5.98503e-05	-1.07256e-04	-5.98503e-05	-1.68827e-02</data>
		</spin_bilinear_term>
		<spin_bilinear_term>
			<ijR>1 1 0 0 1</ijR>
			<data>8.20254e-05	-1.03191e-05	4.44674e-05	-1.03191e-05	7.22221e-05	-8.55406e-05	4.44674e-05	-8.55406e-05	9.50804e-04</data>
		</spin_bilinear_term>
		<spin_bilinear_term>
			<ijR>1 2 0 0 1</ijR>
			<data>-1.16098e-04	6.52271e-05	2.07663e-04	6.52271e-05	-2.09433e-04	-1.27170e-04	2.07663e-04	-1.27170e-04	9.87926e-04</data>
		</spin_bilinear_term>
		<spin_bilinear_term>
			<ijR>1 3 0 0 1</ijR>
			<data>-1.52512e-04	7.02263e-05	-1.94451e-05	7.02263e-05	-2.29310e-04	1.19534e-04	-1.94451e-05	1.19534e-04	3.91109e-04</data>
		</spin_bilinear_term>
		<spin_bilinear_term>
			<ijR>1 4 0 0 1</ijR>
			<data>-1.33691e-04	-5.40415e-05	-1.17969e-04	-5.40415e-05	-2.18517e-04	-1.36951e-04	-1.17969e-04	-1.36951e-04	6.06895e-04</data>
		</spin_bilinear_term>
		<spin_bilinear_term>
			<ijR>1 5 0 0 1</ijR>
			<data>-5.47876e-04	1.52368e-06	1.01939e-05	1.52368e-06	-5.44228e-04	-3.66825e-06	1.01939e-05	-3.66825e-06	-2.01219e-02</data>
		</spin_bilinear_term>
		<spin_bilinear_term>
			<ijR>2 2 0 0 1</ijR>
			<data>9.65393e-06	-2.80255e-05	2.55562e-04	-2.80255e-05	-1.89033e-05	-1.60350e-04	2.55562e-04	-1.60350e-04	-2.64202e-04</data>
		</spin_bilinear_term>
		<spin_bilinear_term>
			<ijR>3 3 0 0 1</ijR>
			<data>-4.98558e-05	-2.56347e-06	-6.18428e-06	-2.56347e-06	8.09187e-06	2.81700e-04	-6.18428e-06	2.81700e-04	-5.65856e-04</data>
		</spin_bilinear_term>
		<spin_bilinear_term>
			<ijR>4 4 0 0 1</ijR>
			<data>-1.50051e-06	2.28398e-05	-2.51833e-04	2.28398e-05	-3.43880e-05	-1.37372e-04	-2.51833e-04	-1.37372e-04	-5.84058e-04</data>
		</spin_bilinear_term>
		<spin_bilinear_term>
			<ijR>5 5 0 0 1</ijR>
			<data>-5.65714e-06	-1.04079e-06	6.28456e-06	-1.04079e-06	-7.10702e-06	-2.15188e-06	6.28456e-06	-2.15188e-06	-2.66697e-03</data>
		</spin_bilinear_term>
		<spin_bilinear_term>
			<ijR>1 2 -1 -1 0</ijR>
			<data>-1.27288e-04	5.77314e-05	1.68832e-04	5.77314e-05	-2.03376e-04	-1.58828e-04	1.68832e-04	-1.58828e-04	1.04502e-03</data>
		</spin_bilinear_term>
		<spin_bilinear_term>
			<ijR>3 2 -1 -1 0</ijR>
			<data>-2.11821e-05	1.48990e-05	7.04116e-05	1.48990e-05	-4.35275e-05	3.59645e-05	7.04116e-05	3.59645e-05	-1.55465e-03</data>
		</spin_bilinear_term>
		<spin_bilinear_term>
			<ijR>4 2 -1 -1 0</ijR>
			<data>-4.86863e-05	-2.88769e-06	-1.00478e-05	-2.88769e-06	-1.03275e-05	-7.28112e-05	-1.00478e-05	-7.28112e-05	-1.54215e-03</data>
		</spin_bilinear_term>
		<spin_bilinear_term>
			<ijR>5 2 -1 -1 0</ijR>
			<data>-4.70605e-04	1.25346e-04	1.14637e-04	1.25346e-04	-3.25765e-04	-6.82283e-05	1.14637e-04	-6.82283e-05	-1.68461e-02</data>
		</spin_bilinear_term>
		<spin_bilinear_term>
			<ijR>5 3 -1 -1 0</ijR>
			<data>-9.40250e-05	2.47834e-06	2.34356e-06	2.47834e-06	8.27281e-06	1.12643e-04	2.34356e-06	1.12643e-04	-7.39403e-04</data>
		</spin_bilinear_term>
		<spin_bilinear_term>
			<ijR>5 4 -1 -1 0</ijR>
			<data>-1.61460e-05	4.33786e-05	-9.49552e-05	4.33786e-05	-6.38502e-05	-5.65171e-05	-9.49552e-05	-5.65171e-05	-7.51046e-04</data>
		</spin_bilinear_term>
		<spin_bilinear_term>
			<ijR>1 2 -1 -1 1</ijR>
			<data>-2.33327e-04	-8.71593e-06	2.29899e-04	-8.71593e-06	-1.02779e-04	-6.48101e-05	2.29899e-04	-6.48101e-05	9.05989e-04</data>
		</spin_bilinear_term>
		<spin_bilinear_term>
			<ijR>1 3 -1 0 0</ijR>
			<data>-1.52920e-04	6.94552e-05	-1.87252e-05	6.94552e-05	-2.26158e-04	1.12746e-04	-1.87252e-05	1.12746e-04	4.83262e-04</data>
		</spin_bilinear_term>
		<spin_bilinear_term>
			<ijR>2 3 -1 0 0</ijR>
			<data>-2.33471e-05	1.71862e-05	6.75962e-05	1.71862e-05	-3.89864e-05	2.77639e-05	6.75962e-05	2.77639e-05	-1.55051e-03</data>
		</spin_bilinear_term>
		<spin_bilinear_term>
			<ijR>4 2 -1 0 0</ijR>
			<data>-5.59675e-05	-5.12985e-07	3.90906e-07	-5.12985e-07	-5.31989e-04	-3.09148e-04	3.90906e-07	-3.09148e-04	-9.04548e-03</data>
		</spin_bilinear_term>
		<spin_bilinear_term>
			<ijR>4 3 -1 0 0</ijR>
			<data>-4.29161e-04	2.13257e-04	-2.65109e-04	2.13257e-04	-1.81728e-04	1.43173e-04	-2.65109e-04	1.43173e-04	-9.10045e-03</data>
		</spin_bilinear_term>
		<spin_bilinear_term>
			<ijR>4 5 -1 0 0</ijR>
			<data>-1.79011e-05	4.34208e-05	-9.57475e-05	4.34208e-05	-6.49847e-05	-5.52572e-05	-9.57475e-05	-5.52572e-05	-7.34296e-04</data>
		</spin_bilinear_term>
		<spin_bilinear_term>
			<ijR>5 2 -1 0 0</ijR>
			<data>-1.50100e-05	-4.09631e-05	1.03565e-04	-4.09631e-05	-6.56709e-05	-5.76085e-05	1.03565e-04	-5.76085e-05	-7.53252e-04</data>
		</spin_bilinear_term>
		<spin_bilinear_term>
			<ijR>5 3 -1 0 0</ijR>
			<data>-2.56256e-04	1.22158e-06	-6.97705e-07	1.22158e-06	-5.44226e-04	1.24931e-04	-6.97705e-07	1.24931e-04	-1.68651e-02</data>
		</spin_bilinear_term>
		<spin_bilinear_term>
			<ijR>1 3 -1 0 1</ijR>
			<data>-1.60939e-04	-7.00217e-05	2.12293e-05	-7.00217e-05	-2.13927e-04	1.12532e-04	2.12293e-05	1.12532e-04	3.76586e-04</data>
		</spin_bilinear_term>
		<spin_bilinear_term>
			<ijR>1 4 0 -1 0</ijR>
			<data>-1.29656e-04	-5.12724e-05	-1.38190e-04	-5.12724e-05	-2.18230e-04	-1.20018e-04	-1.38190e-04	-1.20018e-04	4.71284e-04</data>
		</spin_bilinear_term>
		<spin_bilinear_term>
			<ijR>2 4 0 -1 0</ijR>
			<data>-4.83390e-05	1.55346e-07	3.44835e-07	1.55346e-07	-3.69354e-06	-6.60271e-05	3.44835e-07	-6.60271e-05	-1.55270e-03</data>
		</spin_bilinear_term>
		<spin_bilinear_term>
			<ijR>3 2 0 -1 0</ijR>
			<data>-4.18283e-04	-2.08720e-04	2.77295e-04	-2.08720e-04	-1.83418e-04	1.34097e-04	2.77295e-04	1.34097e-04	-9.09998e-03</data>
		</spin_bilinear_term>
		<spin_bilinear_term>
			<ijR>3 4 0 -1 0</ijR>
			<data>-4.29848e-04	2.13761e-04	-2.71204e-04	2.13761e-04	-1.79548e-04	1.43136e-04	-2.71204e-04	1.43136e-04	-9.10125e-03</data>
		</spin_bilinear_term>
		<spin_bilinear_term>
			<ijR>3 5 0 -1 0</ijR>
			<data>-9.13391e-05	2.70372e-06	7.56752e-06	2.70372e-06	8.17283e-06	1.17297e-04	7.56752e-06	1.17297e-04	-7.49940e-04</data>
		</spin_bilinear_term>
		<spin_bilinear_term>
			<ijR>5 2 0 -1 0</ijR>
			<data>-1.65896e-05	-4.16580e-05	1.03102e-04	-4.16580e-05	-6.52039e-05	-5.68819e-05	1.03102e-04	-5.68819e-05	-7.63784e-04</data>
		</spin_bilinear_term>
		<spin_bilinear_term>
			<ijR>5 4 0 -1 0</ijR>
			<data>-4.73625e-04	-1.26221e-04	-1.08213e-04	-1.26221e-04	-3.30494e-04	-7.13824e-05	-1.08213e-04	-7.13824e-05	-1.68988e-02</data>
		</spin_bilinear_term>
		<spin_bilinear_term>
			<ijR>1 4 0 -1 1</ijR>
			<data>-2.63126e-04	3.48376e-06	-1.61910e-04	3.48376e-06	-1.05056e-04	-2.64615e-05	-1.61910e-04	-2.64615e-05	5.37812e-04</data>
		</spin_bilinear_term>
		<spin_bilinear_term>
			<ijR>2 1 1 1 -1</ijR>
			<data>-2.33327e-04	-8.71593e-06	2.29899e-04	-8.71593e-06	-1.02779e-04	-6.48101e-05	2.29899e-04	-6.48101e-05	9.05989e-04</data>
		</spin_bilinear_term>
		<spin_bilinear_term>
			<ijR>2 1 1 1 0</ijR>
			<data>-1.27288e-04	5.77314e-05	1.68832e-04	5.77314e-05	-2.03376e-04	-1.58828e-04	1.68832e-04	-1.58828e-04	1.04502e-03</data>
		</spin_bilinear_term>
		<spin_bilinear_term>
			<ijR>2 3 1 1 0</ijR>
			<data>-2.11821e-05	1.48990e-05	7.04116e-05	1.48990e-05	-4.35275e-05	3.59645e-05	7.04116e-05	3.59645e-05	-1.55465e-03</data>
		</spin_bilinear_term>
		<spin_bilinear_term>
			<ijR>2 4 1 1 0</ijR>
			<data>-4.86863e-05	-2.88769e-06	-1.00478e-05	-2.88769e-06	-1.03275e-05	-7.28112e-05	-1.00478e-05	-7.28112e-05	-1.54215e-03</data>
		</spin_bilinear_term>
		<spin_bilinear_term>
			<ijR>2 5 1 1 0</ijR>
			<data>-4.70605e-04	1.25346e-04	1.14637e-04	1.25346e-04	-3.25765e-04	-6.82283e-05	1.14637e-04	-6.82283e-05	-1.68461e-02</data>
		</spin_bilinear_term>
		<spin_bilinear_term>
			<ijR>3 5 1 1 0</ijR>
			<data>-9.40250e-05	2.47834e-06	2.34356e-06	2.47834e-06	8.27281e-06	1.12643e-04	2.34356e-06	1.12643e-04	-7.39403e-04</data>
		</spin_bilinear_term>
		<spin_bilinear_term>
			<ijR>4 5 1 1 0</ijR>
			<data>-1.61460e-05	4.33786e-05	-9.49552e-05	4.33786e-05	-6.38502e-05	-5.65171e-05	-9.49552e-05	-5.65171e-05	-7.51046e-04</data>
		</spin_bilinear_term>
		<spin_bilinear_term>
			<ijR>2 3 0 1 0</ijR>
			<data>-4.18283e-04	-2.08720e-04	2.77295e-04	-2.08720e-04	-1.83418e-04	1.34097e-04	2.77295e-04	1.34097e-04	-9.09998e-03</data>
		</spin_bilinear_term>
		<spin_bilinear_term>
			<ijR>2 5 0 1 0</ijR>
			<data>-1.65896e-05	-4.16580e-05	1.03102e-04	-4.16580e-05	-6.52039e-05	-5.68819e-05	1.03102e-04	-5.68819e-05	-7.63784e-04</data>
		</spin_bilinear_term>
		<spin_bilinear_term>
			<ijR>4 1 0 1 0</ijR>
			<data>-1.29656e-04	-5.12724e-05	-1.38190e-04	-5.12724e-05	-2.18230e-04	-1.20018e-04	-1.38190e-04	-1.20018e-04	4.71284e-04</data>
		</spin_bilinear_term>
		<spin_bilinear_term>
			<ijR>4 2 0 1 0</ijR>
			<data>-4.83390e-05	1.55346e-07	3.44835e-07	1.55346e-07	-3.69354e-06	-6.60271e-05	3.44835e-07	-6.60271e-05	-1.55270e-03</data>
		</spin_bilinear_term>
		<spin_bilinear_term>
			<ijR>4 3 0 1 0</ijR>
			<data>-4.29848e-04	2.13761e-04	-2.71204e-04	2.13761e-04	-1.79548e-04	1.43136e-04	-2.71204e-04	1.43136e-04	-9.10125e-03</data>
		</spin_bilinear_term>
		<spin_bilinear_term>
			<ijR>4 5 0 1 0</ijR>
			<data>-4.73625e-04	-1.26221e-04	-1.08213e-04	-1.26221e-04	-3.30494e-04	-7.13824e-05	-1.08213e-04	-7.13824e-05	-1.68988e-02</data>
		</spin_bilinear_term>
		<spin_bilinear_term>
			<ijR>5 3 0 1 0</ijR>
